<?xml version="1.0" encoding="utf-8"?>
<COLLADA xmlns="http://www.collada.org/2005/11/COLLADASchema" version="1.4.1">
  <asset><contributor><author>Mixamo</author><authoring_tool>COLLADA Mixamo exporter</authoring_tool><comments></comments></contributor><created>2020-10-21T17:08:49Z</created><modified>2020-10-21T17:08:49Z</modified><revision></revision><title></title><unit meter="0.010000"/><up_axis>Y_UP</up_axis></asset>
  <library_animations>
    <animation id="Hips-anim" name="Hips"><source id="Hips-Matrix-animation-input"><float_array id="Hips-Matrix-animation-input-array" count="132">

0.000000 0.033333 0.066667 0.100000 0.133333 0.166667 0.200000 0.233333 0.266667 0.300000 0.333333 0.366667 0.400000 0.433333 0.466667 0.500000
0.533333 0.566667 0.600000 0.633333 0.666667 0.700000 0.733333 0.766667 0.800000 0.833333 0.866667 0.900000 0.933333 0.966667 1.000000 1.033333
1.066667 1.100000 1.133333 1.166667 1.200000 1.233333 1.266667 1.300000 1.333333 1.366667 1.400000 1.433333 1.466667 1.500000 1.533333 1.566667
1.600000 1.633333 1.666667 1.700000 1.733333 1.766667 1.800000 1.833333 1.866667 1.900000 1.933333 1.966667 2.000000 2.033333 2.066667 2.100000
2.133333 2.166667 2.200000 2.233333 2.266667 2.300000 2.333333 2.366667 2.400000 2.433333 2.466667 2.500000 2.533333 2.566667 2.600000 2.633333
2.666667 2.700000 2.733333 2.766667 2.800000 2.833333 2.866667 2.900000 2.933333 2.966667 3.000000 3.033333 3.066667 3.100000 3.133333 3.166667
3.200000 3.233333 3.266667 3.300000 3.333333 3.366667 3.400000 3.433333 3.466667 3.500000 3.533333 3.566667 3.600000 3.633333 3.666667 3.700000
3.733333 3.766667 3.800000 3.833333 3.866667 3.900000 3.933333 3.966667 4.000000 4.033333 4.066667 4.100000 4.133333 4.166667 4.200000 4.233333
4.266667 4.300000 4.333333 4.366667</float_array><technique_common><accessor source="#Hips-Matrix-animation-input-array" count="132"><param name="TIME" type="float"/></accessor></technique_common></source><source id="Hips-Matrix-animation-output-transform"><float_array id="Hips-Matrix-animation-output-transform-array" count="2112">

0.983402 -0.011804 -0.181058 -0.439058 0.015768 0.999666 0.020465 101.865471 0.180756 -0.022980 0.983260 1.925603 0.000000 0.000000 0.000000 1.000000
0.983276 -0.011615 -0.181749 -0.422460 0.015749 0.999649 0.021321 101.857628 0.181438 -0.023827 0.983114 1.882245 0.000000 0.000000 0.000000 1.000000
0.983116 -0.011549 -0.182617 -0.394917 0.015841 0.999631 0.022060 101.851738 0.182295 -0.024580 0.982937 1.847339 0.000000 0.000000 0.000000 1.000000
0.983190 -0.011766 -0.182204 -0.366672 0.016182 0.999610 0.022766 101.843704 0.181865 -0.025332 0.982997 1.808461 0.000000 0.000000 0.000000 1.000000
0.983621 -0.012760 -0.179795 -0.360961 0.017708 0.999507 0.025943 101.829453 0.179376 -0.028702 0.983362 1.740963 0.000000 0.000000 0.000000 1.000000
0.984672 -0.012378 -0.173976 -0.364823 0.018609 0.999241 0.034225 101.793617 0.173421 -0.036938 0.984155 1.618443 0.000000 0.000000 0.000000 1.000000
0.986365 -0.009442 -0.164302 -0.392247 0.017722 0.998641 0.049003 101.666183 0.163616 -0.051247 0.985192 1.390296 0.000000 0.000000 0.000000 1.000000
0.988495 -0.006515 -0.151116 -0.407721 0.017260 0.997405 0.069900 101.237602 0.150268 -0.071704 0.986042 0.965065 0.000000 0.000000 0.000000 1.000000
0.991691 -0.007136 -0.128443 -0.419277 0.019778 0.995046 0.097426 100.772415 0.127111 -0.099156 0.986920 0.276774 0.000000 0.000000 0.000000 1.000000
0.996066 -0.008923 -0.088169 -0.478887 0.020308 0.991426 0.129085 100.512306 0.086262 -0.130367 0.987706 -0.671555 0.000000 0.000000 0.000000 1.000000
0.998859 -0.030112 -0.037070 -0.870461 0.035421 0.987732 0.152091 100.743774 0.032036 -0.153230 0.987671 -1.805078 0.000000 0.000000 0.000000 1.000000
0.997458 -0.067017 0.024223 -1.658593 0.062441 0.985770 0.156073 101.603981 -0.034338 -0.154164 0.987448 -2.933666 0.000000 0.000000 0.000000 1.000000
0.991028 -0.093164 0.095837 -2.595419 0.078479 0.986021 0.146985 102.406120 -0.108191 -0.138145 0.984485 -3.976938 0.000000 0.000000 0.000000 1.000000
0.981673 -0.104154 0.159591 -3.400545 0.081174 0.986198 0.144306 102.782616 -0.172419 -0.128707 0.976579 -4.989100 0.000000 0.000000 0.000000 1.000000
0.974149 -0.111089 0.196706 -4.103173 0.081422 0.984870 0.152976 102.902100 -0.210723 -0.133005 0.968455 -5.939625 0.000000 0.000000 0.000000 1.000000
0.971636 -0.109560 0.209571 -4.603058 0.075673 0.983654 0.163394 102.719742 -0.224047 -0.142901 0.964045 -6.800829 0.000000 0.000000 0.000000 1.000000
0.970918 -0.100557 0.217270 -4.840049 0.062766 0.982686 0.174322 102.133728 -0.231038 -0.155615 0.960419 -7.811467 0.000000 0.000000 0.000000 1.000000
0.968419 -0.090192 0.232443 -4.877652 0.046984 0.981591 0.185127 101.387283 -0.244861 -0.168359 0.954829 -9.214813 0.000000 0.000000 0.000000 1.000000
0.964138 -0.081817 0.252476 -4.805781 0.032825 0.980754 0.192469 100.617599 -0.263364 -0.177279 0.948268 -11.006212 0.000000 0.000000 0.000000 1.000000
0.959374 -0.075962 0.271720 -4.743607 0.021606 0.980026 0.197691 99.943420 -0.281310 -0.183789 0.941853 -13.079375 0.000000 0.000000 0.000000 1.000000
0.955926 -0.068563 0.285490 -4.730377 0.010715 0.979851 0.199441 99.433525 -0.293412 -0.187592 0.937400 -15.386820 0.000000 0.000000 0.000000 1.000000
0.952736 -0.061542 0.297500 -4.718197 0.001460 0.980182 0.198092 98.967606 -0.303795 -0.188295 0.933945 -17.977020 0.000000 0.000000 0.000000 1.000000
0.948947 -0.057473 0.310155 -4.610180 -0.005306 0.980213 0.197872 98.349258 -0.315390 -0.189416 0.929866 -21.123177 0.000000 0.000000 0.000000 1.000000
0.945630 -0.051308 0.321172 -4.302832 -0.013389 0.980501 0.196057 97.534058 -0.324968 -0.189698 0.926504 -25.151812 0.000000 0.000000 0.000000 1.000000
0.944490 -0.043228 0.325683 -3.813409 -0.022343 0.980560 0.194945 96.646454 -0.327778 -0.191401 0.925163 -30.147194 0.000000 0.000000 0.000000 1.000000
0.947723 -0.040630 0.316498 -3.352489 -0.022361 0.980966 0.192889 95.821465 -0.318311 -0.189882 0.928775 -35.809620 0.000000 0.000000 0.000000 1.000000
0.960295 -0.039161 0.276223 -2.779189 -0.012961 0.982767 0.184392 95.164398 -0.278684 -0.180651 0.943239 -41.707184 0.000000 0.000000 0.000000 1.000000
0.979912 -0.029668 0.197210 -2.075806 -0.004955 0.984946 0.172793 94.961082 -0.199368 -0.170299 0.965013 -46.229519 0.000000 0.000000 0.000000 1.000000
0.991253 -0.017933 0.130754 -1.547664 -0.003983 0.986209 0.165459 95.575287 -0.131918 -0.164532 0.977511 -49.620628 0.000000 0.000000 0.000000 1.000000
0.995134 -0.009131 0.098104 -1.327847 -0.007568 0.985671 0.168509 96.937775 -0.098236 -0.168431 0.980806 -52.868382 0.000000 0.000000 0.000000 1.000000
0.995653 0.006467 0.092919 -1.467854 -0.021862 0.985945 0.165635 98.437714 -0.090541 -0.166947 0.981800 -55.679977 0.000000 0.000000 0.000000 1.000000
0.995177 0.020894 0.095848 -1.715282 -0.035585 0.987394 0.154233 99.557091 -0.091417 -0.156899 0.983375 -58.103683 0.000000 0.000000 0.000000 1.000000
0.994756 0.026844 0.098689 -1.812010 -0.039671 0.990668 0.130399 100.348946 -0.094268 -0.133630 0.986538 -60.449474 0.000000 0.000000 0.000000 1.000000
0.995282 0.021913 0.094518 -1.826923 -0.030683 0.995253 0.092359 100.699074 -0.092046 -0.094823 0.991230 -62.738819 0.000000 0.000000 0.000000 1.000000
0.997001 0.015369 0.075842 -1.669824 -0.019818 0.998104 0.058264 100.852844 -0.074803 -0.059593 0.995416 -64.908554 0.000000 0.000000 0.000000 1.000000
0.998296 0.017397 0.055699 -1.374248 -0.018009 0.999783 0.010510 100.842659 -0.055505 -0.011495 0.998392 -66.923111 0.000000 0.000000 0.000000 1.000000
0.999427 0.016923 0.029313 -1.110643 -0.015565 0.998823 -0.045945 100.609169 -0.030056 0.045462 0.998514 -68.845833 0.000000 0.000000 0.000000 1.000000
0.999925 0.007449 -0.009687 -0.914119 -0.008318 0.995630 -0.093016 100.364182 0.008952 0.093089 0.995618 -70.885803 0.000000 0.000000 0.000000 1.000000
0.998804 -0.005882 -0.048530 -0.840113 -0.000641 0.991074 -0.133314 100.075256 0.048880 0.133186 0.989885 -73.085342 0.000000 0.000000 0.000000 1.000000
0.997029 -0.023758 -0.073269 -0.848626 0.011139 0.985717 -0.168039 99.596313 0.076215 0.166723 0.983054 -75.360146 0.000000 0.000000 0.000000 1.000000
0.995778 -0.048366 -0.078015 -1.018157 0.031772 0.978993 -0.201403 98.680229 0.086117 0.198074 0.976397 -77.724258 0.000000 0.000000 0.000000 1.000000
0.994945 -0.069209 -0.072758 -1.292400 0.050586 0.971346 -0.232223 97.448578 0.086745 0.227368 0.969938 -79.922226 0.000000 0.000000 0.000000 1.000000
0.993931 -0.085603 -0.069095 -1.590005 0.064951 0.963569 -0.259454 95.678581 0.088787 0.253392 0.963281 -82.033562 0.000000 0.000000 0.000000 1.000000
0.992038 -0.099671 -0.076977 -1.843647 0.075480 0.959869 -0.270102 93.518646 0.100810 0.262141 0.959750 -83.892883 0.000000 0.000000 0.000000 1.000000
0.991588 -0.094884 -0.088041 -2.067151 0.070154 0.965575 -0.250485 91.799210 0.108777 0.242201 0.964109 -84.904129 0.000000 0.000000 0.000000 1.000000
0.993935 -0.071237 -0.083782 -2.431973 0.050361 0.972101 -0.229093 90.659912 0.097764 0.223484 0.969792 -84.890259 0.000000 0.000000 0.000000 1.000000
0.994949 -0.062599 -0.078466 -3.035421 0.045448 0.977935 -0.203907 89.624031 0.089499 0.199312 0.975841 -84.027931 0.000000 0.000000 0.000000 1.000000
0.995307 -0.062572 -0.073814 -3.626445 0.050331 0.986254 -0.157381 88.146576 0.082647 0.152928 0.984775 -82.448807 0.000000 0.000000 0.000000 1.000000
0.997104 -0.054293 -0.053251 -4.066235 0.047603 0.991666 -0.119722 85.893898 0.059308 0.116840 0.991378 -80.411453 0.000000 0.000000 0.000000 1.000000
0.998181 -0.055766 -0.022928 -4.339098 0.053389 0.994167 -0.093713 82.975227 0.028020 0.092319 0.995335 -78.356400 0.000000 0.000000 0.000000 1.000000
0.998339 -0.057590 0.001532 -4.580020 0.057545 0.995577 -0.074261 79.328079 0.002752 0.074226 0.997238 -76.542892 0.000000 0.000000 0.000000 1.000000
0.997864 -0.061442 0.022178 -4.980371 0.062329 0.997180 -0.041809 75.324364 -0.019546 0.043102 0.998879 -74.871063 0.000000 0.000000 0.000000 1.000000
0.996554 -0.072459 0.040378 -5.665797 0.072668 0.997349 -0.003744 71.223427 -0.040000 0.006665 0.999177 -73.225273 0.000000 0.000000 0.000000 1.000000
0.994263 -0.086949 0.062296 -6.517272 0.085469 0.996000 0.026039 66.924400 -0.064311 -0.020565 0.997718 -71.603210 0.000000 0.000000 0.000000 1.000000
0.989927 -0.103480 0.096629 -7.750773 0.100036 0.994186 0.039838 62.851807 -0.100190 -0.029770 0.994523 -69.951080 0.000000 0.000000 0.000000 1.000000
0.984289 -0.121334 0.128274 -9.080792 0.116625 0.992217 0.043634 58.832394 -0.132570 -0.027989 0.990778 -68.304237 0.000000 0.000000 0.000000 1.000000
0.979079 -0.137889 0.149637 -10.454185 0.133107 0.990230 0.041562 54.874577 -0.153906 -0.020775 0.987867 -66.585152 0.000000 0.000000 0.000000 1.000000
0.976112 -0.152048 0.155200 -11.811823 0.147500 0.988233 0.040477 51.192322 -0.159529 -0.016618 0.987053 -64.866180 0.000000 0.000000 0.000000 1.000000
0.976474 -0.143281 0.161148 -12.686156 0.140207 0.989657 0.030346 49.097698 -0.163829 -0.007038 0.986464 -62.683041 0.000000 0.000000 0.000000 1.000000
0.979134 -0.103968 0.174603 -13.210817 0.109336 0.993775 -0.021383 49.224194 -0.171293 0.040027 0.984407 -59.608608 0.000000 0.000000 0.000000 1.000000
0.983232 -0.096596 0.154675 -13.961980 0.112624 0.988750 -0.098439 49.917183 -0.143426 0.114208 0.983049 -56.477928 0.000000 0.000000 0.000000 1.000000
0.987985 -0.122947 0.093644 -14.722369 0.135827 0.979827 -0.146596 50.457962 -0.073732 0.157554 0.984754 -53.782513 0.000000 0.000000 0.000000 1.000000
0.988436 -0.151438 0.007861 -15.582462 0.150398 0.972384 -0.178464 50.561890 0.019382 0.177583 0.983915 -51.330383 0.000000 0.000000 0.000000 1.000000
0.983941 -0.165553 -0.066727 -16.468187 0.147487 0.964630 -0.218485 49.927826 0.100538 0.205135 0.973556 -49.001553 0.000000 0.000000 0.000000 1.000000
0.980482 -0.162235 -0.111059 -17.114479 0.128463 0.956265 -0.262783 48.764694 0.148835 0.243387 0.958442 -46.376740 0.000000 0.000000 0.000000 1.000000
0.978738 -0.145514 -0.144557 -17.470209 0.095149 0.946452 -0.308504 47.437225 0.181708 0.288191 0.940175 -43.251045 0.000000 0.000000 0.000000 1.000000
0.972788 -0.124701 -0.195279 -17.787205 0.045065 0.928551 -0.368458 45.715664 0.227274 0.349631 0.908903 -39.796436 0.000000 0.000000 0.000000 1.000000
0.957548 -0.109441 -0.266691 -17.992495 -0.019412 0.898554 -0.438434 43.564228 0.287619 0.424998 0.858284 -36.373714 0.000000 0.000000 0.000000 1.000000
0.933203 -0.100409 -0.345037 -18.187445 -0.085970 0.869905 -0.485669 41.203224 0.348915 0.482890 0.803166 -32.871021 0.000000 0.000000 0.000000 1.000000
0.916920 -0.101039 -0.386068 -18.872526 -0.135182 0.831584 -0.538697 38.647785 0.375477 0.546132 0.748837 -29.484673 0.000000 0.000000 0.000000 1.000000
0.924910 -0.132954 -0.356180 -20.016720 -0.126738 0.775446 -0.618564 36.023216 0.358438 0.617258 0.700368 -26.506287 0.000000 0.000000 0.000000 1.000000
0.946073 -0.196457 -0.257584 -21.305622 -0.047366 0.702698 -0.709909 33.273540 0.320471 0.683827 0.655499 -23.604546 0.000000 0.000000 0.000000 1.000000
0.955990 -0.244520 -0.162150 -22.418694 0.021051 0.608400 -0.793352 30.171171 0.292642 0.755023 0.586771 -20.116112 0.000000 0.000000 0.000000 1.000000
0.952157 -0.290063 -0.096230 -23.618959 0.071377 0.517239 -0.852859 26.480490 0.297157 0.805187 0.513197 -15.785414 0.000000 0.000000 0.000000 1.000000
0.943053 -0.331107 -0.031925 -24.788511 0.121698 0.432745 -0.893264 22.170158 0.309582 0.838510 0.448397 -11.524252 0.000000 0.000000 0.000000 1.000000
0.934497 -0.355914 0.006402 -25.780922 0.138637 0.347325 -0.927440 18.026911 0.327865 0.867577 0.373917 -8.080332 0.000000 0.000000 0.000000 1.000000
0.927662 -0.371366 0.039127 -26.937210 0.141919 0.253702 -0.956815 14.303228 0.345402 0.893153 0.288053 -4.823502 0.000000 0.000000 0.000000 1.000000
0.913032 -0.396577 0.095393 -28.487589 0.161833 0.137533 -0.977187 11.781366 0.374411 0.907640 0.189751 -2.172344 0.000000 0.000000 0.000000 1.000000
0.887654 -0.446373 0.113230 -30.688831 0.162014 0.072543 -0.984118 11.331208 0.431070 0.891902 0.136712 -0.034703 0.000000 0.000000 0.000000 1.000000
0.874142 -0.475037 0.101077 -32.683151 0.156261 0.078038 -0.984628 11.992109 0.459847 0.876499 0.142446 1.710498 0.000000 0.000000 0.000000 1.000000
0.873070 -0.479078 0.090738 -34.114288 0.148676 0.084332 -0.985283 12.610754 0.464376 0.873712 0.144856 3.191844 0.000000 0.000000 0.000000 1.000000
0.874619 -0.478644 0.077082 -35.015133 0.131408 0.081009 -0.988013 12.708179 0.466662 0.874264 0.133750 4.501520 0.000000 0.000000 0.000000 1.000000
0.875635 -0.477735 0.070940 -35.456215 0.125533 0.083290 -0.988587 12.361824 0.466374 0.874547 0.132903 5.526537 0.000000 0.000000 0.000000 1.000000
0.876652 -0.474527 0.079401 -35.572212 0.135135 0.084464 -0.987221 11.992320 0.461757 0.876179 0.138171 6.150360 0.000000 0.000000 0.000000 1.000000
0.880577 -0.466083 0.085737 -35.404404 0.143097 0.089033 -0.985696 11.985395 0.451783 0.880250 0.145096 6.511029 0.000000 0.000000 0.000000 1.000000
0.886391 -0.454792 0.086461 -35.064533 0.145407 0.096200 -0.984684 12.216175 0.439508 0.885387 0.151401 6.621899 0.000000 0.000000 0.000000 1.000000
0.890459 -0.447735 0.081343 -34.680527 0.139257 0.097930 -0.985402 12.417320 0.433233 0.888787 0.149553 6.653610 0.000000 0.000000 0.000000 1.000000
0.893041 -0.444619 0.069225 -34.392723 0.125318 0.097996 -0.987265 12.454451 0.432173 0.890343 0.143233 6.463881 0.000000 0.000000 0.000000 1.000000
0.894089 -0.444259 0.056911 -34.199547 0.114419 0.103706 -0.988005 12.341597 0.433028 0.889876 0.143554 5.997690 0.000000 0.000000 0.000000 1.000000
0.895941 -0.441215 0.051179 -33.948639 0.109758 0.108269 -0.988044 12.159679 0.430399 0.890846 0.145429 5.653673 0.000000 0.000000 0.000000 1.000000
0.900359 -0.432434 0.048530 -33.806530 0.110151 0.118597 -0.986814 11.940250 0.420976 0.893832 0.154413 5.397349 0.000000 0.000000 0.000000 1.000000
0.900876 -0.431639 0.045945 -33.692303 0.108786 0.122037 -0.986546 11.857700 0.420224 0.893753 0.156897 5.342630 0.000000 0.000000 0.000000 1.000000
0.900402 -0.432898 0.043296 -33.637363 0.105627 0.120981 -0.987019 11.838181 0.422041 0.893288 0.154658 5.408545 0.000000 0.000000 0.000000 1.000000
0.901002 -0.431470 0.045051 -33.653687 0.106466 0.119253 -0.987139 11.808571 0.420549 0.894210 0.153384 5.513975 0.000000 0.000000 0.000000 1.000000
0.901694 -0.429620 0.048724 -33.716557 0.109647 0.118200 -0.986918 11.754024 0.418240 0.895241 0.153687 5.675189 0.000000 0.000000 0.000000 1.000000
0.902369 -0.427964 0.050766 -33.822243 0.111885 0.118879 -0.986585 11.670267 0.416188 0.895943 0.155155 5.816428 0.000000 0.000000 0.000000 1.000000
0.902662 -0.427279 0.051321 -33.934128 0.113084 0.120437 -0.986259 11.587106 0.415226 0.896062 0.157032 5.900041 0.000000 0.000000 0.000000 1.000000
0.902961 -0.426636 0.051415 -34.011486 0.113879 0.122202 -0.985950 11.521961 0.414359 0.896130 0.158928 5.941651 0.000000 0.000000 0.000000 1.000000
0.903249 -0.426031 0.051365 -34.034714 0.114200 0.123269 -0.985780 11.481579 0.413641 0.896271 0.159996 5.954634 0.000000 0.000000 0.000000 1.000000
0.903199 -0.426102 0.051653 -34.013470 0.114184 0.122524 -0.985875 11.476379 0.413755 0.896340 0.159318 5.938905 0.000000 0.000000 0.000000 1.000000
0.902597 -0.427216 0.052965 -33.962193 0.115076 0.120887 -0.985974 11.497981 0.414821 0.896032 0.158275 5.904160 0.000000 0.000000 0.000000 1.000000
0.901888 -0.428553 0.054226 -33.905365 0.116175 0.119728 -0.985986 11.519717 0.416055 0.895549 0.157769 5.867978 0.000000 0.000000 0.000000 1.000000
0.901759 -0.428864 0.053915 -33.871658 0.115755 0.119431 -0.986072 11.521564 0.416452 0.895439 0.157341 5.845304 0.000000 0.000000 0.000000 1.000000
0.902032 -0.428327 0.053616 -33.851997 0.115435 0.119666 -0.986080 11.514151 0.415949 0.895665 0.157387 5.842298 0.000000 0.000000 0.000000 1.000000
0.902419 -0.427460 0.054011 -33.844902 0.115787 0.119853 -0.986017 11.504593 0.415010 0.896054 0.157652 5.853804 0.000000 0.000000 0.000000 1.000000
0.902561 -0.427111 0.054403 -33.851711 0.116363 0.120318 -0.985892 11.484895 0.414540 0.896158 0.158294 5.877976 0.000000 0.000000 0.000000 1.000000
0.902671 -0.426838 0.054721 -33.860870 0.116801 0.120629 -0.985802 11.467852 0.414177 0.896246 0.158744 5.901074 0.000000 0.000000 0.000000 1.000000
0.902818 -0.426439 0.055402 -33.864632 0.117410 0.120505 -0.985745 11.458281 0.413684 0.896453 0.158863 5.913685 0.000000 0.000000 0.000000 1.000000
0.902896 -0.426218 0.055820 -33.867741 0.117747 0.120336 -0.985726 11.450462 0.413417 0.896581 0.158837 5.910231 0.000000 0.000000 0.000000 1.000000
0.902877 -0.426228 0.056062 -33.870659 0.117740 0.119745 -0.985798 11.448692 0.413461 0.896656 0.158299 5.897203 0.000000 0.000000 0.000000 1.000000
0.903014 -0.425905 0.056306 -33.873547 0.117658 0.119127 -0.985883 11.449883 0.413185 0.896891 0.157684 5.885521 0.000000 0.000000 0.000000 1.000000
0.903460 -0.424869 0.056975 -33.876694 0.118283 0.119330 -0.985784 11.438525 0.412030 0.897355 0.158065 5.876921 0.000000 0.000000 0.000000 1.000000
0.904313 -0.422927 0.057889 -33.883591 0.119353 0.120305 -0.985536 11.415588 0.409845 0.898142 0.159271 5.868210 0.000000 0.000000 0.000000 1.000000
0.904688 -0.422080 0.058212 -33.889858 0.119676 0.120602 -0.985461 11.401970 0.408923 0.898501 0.159620 5.866078 0.000000 0.000000 0.000000 1.000000
0.904628 -0.422185 0.058373 -33.894150 0.119783 0.120407 -0.985472 11.391693 0.409023 0.898477 0.159494 5.867870 0.000000 0.000000 0.000000 1.000000
0.904496 -0.422488 0.058229 -33.899971 0.119575 0.120168 -0.985526 11.381587 0.409376 0.898367 0.159210 5.867781 0.000000 0.000000 0.000000 1.000000
0.904535 -0.422440 0.057974 -33.904854 0.119206 0.119986 -0.985593 11.373211 0.409398 0.898414 0.158889 5.868779 0.000000 0.000000 0.000000 1.000000
0.904480 -0.422582 0.057798 -33.909405 0.118886 0.119645 -0.985673 11.365473 0.409612 0.898393 0.158456 5.867332 0.000000 0.000000 0.000000 1.000000
0.904477 -0.422647 0.057361 -33.915417 0.118343 0.119473 -0.985759 11.355088 0.409775 0.898385 0.158078 5.865060 0.000000 0.000000 0.000000 1.000000
0.904698 -0.422258 0.056737 -33.920094 0.117718 0.119757 -0.985799 11.334810 0.409467 0.898530 0.158052 5.863640 0.000000 0.000000 0.000000 1.000000
0.904925 -0.421884 0.055892 -33.927013 0.116768 0.119848 -0.985901 11.317291 0.409237 0.898694 0.157717 5.858436 0.000000 0.000000 0.000000 1.000000
0.905041 -0.421715 0.055296 -33.931732 0.116070 0.119813 -0.985988 11.305647 0.409181 0.898778 0.157384 5.855542 0.000000 0.000000 0.000000 1.000000
0.905026 -0.421799 0.054903 -33.932095 0.115588 0.119658 -0.986064 11.299485 0.409351 0.898759 0.157049 5.858359 0.000000 0.000000 0.000000 1.000000
0.905124 -0.421581 0.054959 -33.932598 0.115649 0.119750 -0.986045 11.286939 0.409117 0.898849 0.157144 5.856982 0.000000 0.000000 0.000000 1.000000
0.905731 -0.420249 0.055158 -33.937023 0.115976 0.120553 -0.985909 11.265582 0.407678 0.899365 0.157927 5.854844 0.000000 0.000000 0.000000 1.000000
0.906003 -0.419776 0.054284 -33.944267 0.115177 0.121089 -0.985937 11.252520 0.407299 0.899514 0.158055 5.858438 0.000000 0.000000 0.000000 1.000000
0.905974 -0.419947 0.053438 -33.949127 0.114434 0.121409 -0.985984 11.239266 0.407574 0.899391 0.158049 5.864889 0.000000 0.000000 0.000000 1.000000
0.905890 -0.420183 0.053007 -33.952026 0.114034 0.121462 -0.986024 11.228586 0.407872 0.899274 0.157947 5.869250 0.000000 0.000000 0.000000 1.000000
0.905848 -0.420326 0.052584 -33.956367 0.113682 0.121642 -0.986042 11.218639 0.408063 0.899183 0.157973 5.868330 0.000000 0.000000 0.000000 1.000000
0.905726 -0.420660 0.052016 -33.959618 0.113119 0.121622 -0.986110 11.210400 0.408490 0.899029 0.157741 5.868973 0.000000 0.000000 0.000000 1.000000
0.905543 -0.421087 0.051737 -33.960152 0.112664 0.121111 -0.986225 11.205554 0.409021 0.898898 0.157113 5.870687 0.000000 0.000000 0.000000 1.000000
0.905484 -0.421186 0.051969 -33.961082 0.112705 0.120602 -0.986282 11.199912 0.409141 0.898920 0.156673 5.870148 0.000000 0.000000 0.000000 1.000000</float_array><technique_common><accessor source="#Hips-Matrix-animation-output-transform-array" count="132" stride="16"><param type="float4x4"/></accessor></technique_common></source><source id="Hips-Interpolations"><Name_array id="Hips-Interpolations-array" count="132">
 LINEAR LINEAR LINEAR LINEAR LINEAR LINEAR LINEAR LINEAR LINEAR LINEAR LINEAR
LINEAR LINEAR LINEAR LINEAR LINEAR LINEAR LINEAR LINEAR LINEAR LINEAR LINEAR LINEAR
LINEAR LINEAR LINEAR LINEAR LINEAR LINEAR LINEAR LINEAR LINEAR LINEAR LINEAR LINEAR
LINEAR LINEAR LINEAR LINEAR LINEAR LINEAR LINEAR LINEAR LINEAR LINEAR LINEAR LINEAR
LINEAR LINEAR LINEAR LINEAR LINEAR LINEAR LINEAR LINEAR LINEAR LINEAR LINEAR LINEAR
LINEAR LINEAR LINEAR LINEAR LINEAR LINEAR LINEAR LINEAR LINEAR LINEAR LINEAR LINEAR
LINEAR LINEAR LINEAR LINEAR LINEAR LINEAR LINEAR LINEAR LINEAR LINEAR LINEAR LINEAR
LINEAR LINEAR LINEAR LINEAR LINEAR LINEAR LINEAR LINEAR LINEAR LINEAR LINEAR LINEAR
LINEAR LINEAR LINEAR LINEAR LINEAR LINEAR LINEAR LINEAR LINEAR LINEAR LINEAR LINEAR
LINEAR LINEAR LINEAR LINEAR LINEAR LINEAR LINEAR LINEAR LINEAR LINEAR LINEAR LINEAR
LINEAR LINEAR LINEAR LINEAR LINEAR LINEAR LINEAR LINEAR LINEAR LINEAR LINEAR LINEAR
LINEAR</Name_array><technique_common><accessor source="#Hips-Interpolations-array" count="132"><param type="name"/></accessor></technique_common></source><sampler id="Hips-Matrix-animation-transform"><input semantic="INPUT" source="#Hips-Matrix-animation-input"/><input semantic="OUTPUT" source="#Hips-Matrix-animation-output-transform"/><input semantic="INTERPOLATION" source="#Hips-Interpolations"/></sampler><channel source="#Hips-Matrix-animation-transform" target="Hips/matrix"/></animation>
    <animation id="Spine-anim" name="Spine"><source id="Spine-Matrix-animation-input"><float_array id="Spine-Matrix-animation-input-array" count="132">

0.000000 0.033333 0.066667 0.100000 0.133333 0.166667 0.200000 0.233333 0.266667 0.300000 0.333333 0.366667 0.400000 0.433333 0.466667 0.500000
0.533333 0.566667 0.600000 0.633333 0.666667 0.700000 0.733333 0.766667 0.800000 0.833333 0.866667 0.900000 0.933333 0.966667 1.000000 1.033333
1.066667 1.100000 1.133333 1.166667 1.200000 1.233333 1.266667 1.300000 1.333333 1.366667 1.400000 1.433333 1.466667 1.500000 1.533333 1.566667
1.600000 1.633333 1.666667 1.700000 1.733333 1.766667 1.800000 1.833333 1.866667 1.900000 1.933333 1.966667 2.000000 2.033333 2.066667 2.100000
2.133333 2.166667 2.200000 2.233333 2.266667 2.300000 2.333333 2.366667 2.400000 2.433333 2.466667 2.500000 2.533333 2.566667 2.600000 2.633333
2.666667 2.700000 2.733333 2.766667 2.800000 2.833333 2.866667 2.900000 2.933333 2.966667 3.000000 3.033333 3.066667 3.100000 3.133333 3.166667
3.200000 3.233333 3.266667 3.300000 3.333333 3.366667 3.400000 3.433333 3.466667 3.500000 3.533333 3.566667 3.600000 3.633333 3.666667 3.700000
3.733333 3.766667 3.800000 3.833333 3.866667 3.900000 3.933333 3.966667 4.000000 4.033333 4.066667 4.100000 4.133333 4.166667 4.200000 4.233333
4.266667 4.300000 4.333333 4.366667</float_array><technique_common><accessor source="#Spine-Matrix-animation-input-array" count="132"><param name="TIME" type="float"/></accessor></technique_common></source><source id="Spine-Matrix-animation-output-transform"><float_array id="Spine-Matrix-animation-output-transform-array" count="2112">

0.998870 -0.033577 0.033650 0.000000 0.034745 0.998792 -0.034734 5.245300 -0.032443 0.035864 0.998830 0.258800 0.000000 0.000000 0.000000 1.000000
0.998872 -0.033572 0.033570 -0.000000 0.034743 0.998785 -0.034940 5.245300 -0.032356 0.036066 0.998825 0.258800 0.000000 0.000000 0.000000 1.000000
0.998866 -0.033914 0.033409 -0.000000 0.035085 0.998767 -0.035112 5.245300 -0.032177 0.036244 0.998825 0.258800 0.000000 0.000000 0.000000 1.000000
0.998866 -0.034344 0.032958 0.000000 0.035505 0.998745 -0.035311 5.245300 -0.031704 0.036441 0.998833 0.258800 0.000000 0.000000 0.000000 1.000000
0.998900 -0.034112 0.032173 0.000000 0.035271 0.998723 -0.036168 5.245300 -0.030898 0.037263 0.998828 0.258800 0.000000 0.000000 0.000000 1.000000
0.998887 -0.035486 0.031058 0.000000 0.036662 0.998599 -0.038160 5.245300 -0.029660 0.039256 0.998789 0.258800 0.000000 0.000000 0.000000 1.000000
0.998773 -0.038934 0.030613 0.000000 0.040191 0.998326 -0.041602 5.245300 -0.028942 0.042782 0.998665 0.258800 0.000000 0.000000 0.000000 1.000000
0.998357 -0.047015 0.032749 0.000000 0.048538 0.997697 -0.047383 5.245300 -0.030446 0.048895 0.998340 0.258800 0.000000 0.000000 0.000000 1.000000
0.997672 -0.057190 0.037160 0.000000 0.059229 0.996655 -0.056308 5.245300 -0.033816 0.058378 0.997722 0.258800 0.000000 0.000000 0.000000 1.000000
0.996683 -0.070171 0.041211 0.000000 0.072797 0.995153 -0.066117 5.245300 -0.036372 0.068898 0.996960 0.258800 0.000000 0.000000 0.000000 1.000000
0.996495 -0.070686 0.044726 -0.000000 0.073798 0.994652 -0.072253 5.245300 -0.039380 0.075301 0.996383 0.258800 0.000000 0.000000 0.000000 1.000000
0.997151 -0.060694 0.044795 0.000000 0.063770 0.995452 -0.070777 5.245300 -0.040296 0.073432 0.996486 0.258800 0.000000 0.000000 0.000000 1.000000
0.997676 -0.054913 0.040341 -0.000000 0.057360 0.996411 -0.062244 5.245300 -0.036778 0.064413 0.997245 0.258800 0.000000 0.000000 0.000000 1.000000
0.998018 -0.053194 0.033635 0.000000 0.054956 0.997036 -0.053843 5.245300 -0.030672 0.055585 0.997983 0.258800 0.000000 0.000000 0.000000 1.000000
0.998577 -0.045801 0.027302 -0.000000 0.047086 0.997716 -0.048424 5.245300 -0.025022 0.049641 0.998454 0.258800 0.000000 0.000000 0.000000 1.000000
0.998981 -0.039279 0.022218 -0.000000 0.040185 0.998313 -0.041917 5.245300 -0.020534 0.042767 0.998874 0.258800 0.000000 0.000000 0.000000 1.000000
0.999103 -0.039730 0.014674 0.000000 0.040211 0.998609 -0.034098 5.245300 -0.013299 0.034658 0.999311 0.258800 0.000000 0.000000 0.000000 1.000000
0.999051 -0.043467 0.002909 0.000000 0.043532 0.998649 -0.028364 5.245300 -0.001672 0.028463 0.999593 0.258800 0.000000 0.000000 0.000000 1.000000
0.998934 -0.044993 -0.010365 -0.000000 0.044724 0.998690 -0.024859 5.245300 0.011470 0.024369 0.999637 0.258800 0.000000 0.000000 0.000000 1.000000
0.998914 -0.041197 -0.021754 0.000000 0.040713 0.998924 -0.022225 5.245300 0.022646 0.021316 0.999516 0.258800 0.000000 0.000000 0.000000 1.000000
0.999047 -0.033154 -0.028375 0.000000 0.032609 0.999278 -0.019475 5.245300 0.029000 0.018531 0.999408 0.258800 0.000000 0.000000 0.000000 1.000000
0.999294 -0.021750 -0.030650 0.000000 0.021218 0.999621 -0.017560 5.245300 0.031020 0.016897 0.999376 0.258800 0.000000 0.000000 0.000000 1.000000
0.999498 -0.009185 -0.030316 0.000000 0.008610 0.999781 -0.019056 5.245300 0.030485 0.018785 0.999359 0.258800 0.000000 0.000000 0.000000 1.000000
0.999607 0.000203 -0.028018 0.000000 -0.000899 0.999691 -0.024852 5.245300 0.028004 0.024868 0.999298 0.258800 0.000000 0.000000 0.000000 1.000000
0.999691 0.008517 -0.023349 0.000000 -0.009339 0.999332 -0.035327 5.245300 0.023033 0.035534 0.999103 0.258800 0.000000 0.000000 0.000000 1.000000
0.999634 0.021408 -0.016530 0.000000 -0.022205 0.998522 -0.049601 5.245300 0.015443 0.049950 0.998632 0.258800 0.000000 0.000000 0.000000 1.000000
0.999679 0.023617 -0.009212 0.000000 -0.024176 0.997507 -0.066304 5.245300 0.007623 0.066506 0.997757 0.258800 0.000000 0.000000 0.000000 1.000000
0.999411 0.034035 0.004304 -0.000000 -0.033612 0.996563 -0.075710 5.245300 -0.006866 0.075521 0.997121 0.258800 0.000000 0.000000 0.000000 1.000000
0.998369 0.055012 0.015243 0.000000 -0.053642 0.995423 -0.079097 5.245300 -0.019524 0.078150 0.996750 0.258800 0.000000 0.000000 0.000000 1.000000
0.998313 0.054444 0.020197 0.000000 -0.052483 0.994789 -0.087414 5.245300 -0.024851 0.086207 0.995967 0.258800 0.000000 0.000000 0.000000 1.000000
0.998911 0.041336 0.021627 -0.000000 -0.039115 0.994746 -0.094606 5.245300 -0.025424 0.093657 0.995280 0.258800 0.000000 0.000000 0.000000 1.000000
0.999157 0.033490 0.023748 0.000000 -0.031084 0.994963 -0.095303 5.245300 -0.026820 0.094485 0.995165 0.258800 0.000000 0.000000 0.000000 1.000000
0.999194 0.029631 0.027098 0.000000 -0.027117 0.995675 -0.088857 5.245300 -0.029613 0.088050 0.995676 0.258800 0.000000 0.000000 0.000000 1.000000
0.998998 0.030514 0.032739 0.000000 -0.027917 0.996637 -0.077043 5.245300 -0.034980 0.076052 0.996490 0.258800 0.000000 0.000000 0.000000 1.000000
0.998803 0.026773 0.040940 -0.000000 -0.024058 0.997566 -0.065440 5.245300 -0.042592 0.064377 0.997016 0.258800 0.000000 0.000000 0.000000 1.000000
0.998677 0.017938 0.048187 0.000000 -0.015440 0.998543 -0.051715 5.245300 -0.049045 0.050902 0.997499 0.258800 0.000000 0.000000 0.000000 1.000000
0.998439 0.011097 0.054738 0.000000 -0.008973 0.999203 -0.038897 5.245300 -0.055126 0.038345 0.997743 0.258800 0.000000 0.000000 0.000000 1.000000
0.998081 0.005735 0.061651 0.000000 -0.003775 0.999485 -0.031861 5.245300 -0.061802 0.031567 0.997589 0.258800 0.000000 0.000000 0.000000 1.000000
0.997752 0.001416 0.066992 0.000000 0.000612 0.999542 -0.030242 5.245300 -0.067004 0.030215 0.997295 0.258800 0.000000 0.000000 0.000000 1.000000
0.997610 -0.002871 0.069033 0.000000 0.005108 0.999467 -0.032256 5.245300 -0.068903 0.032532 0.997093 0.258800 0.000000 0.000000 0.000000 1.000000
0.997696 -0.003092 0.067768 -0.000000 0.005473 0.999373 -0.034986 5.245300 -0.067617 0.035277 0.997088 0.258800 0.000000 0.000000 0.000000 1.000000
0.997830 -0.005240 0.065630 -0.000000 0.007570 0.999348 -0.035313 5.245300 -0.065402 0.035733 0.997219 0.258800 0.000000 0.000000 0.000000 1.000000
0.997831 -0.004833 0.065648 -0.000000 0.007116 0.999376 -0.034592 5.245300 -0.065439 0.034984 0.997243 0.258800 0.000000 0.000000 0.000000 1.000000
0.997790 -0.000280 0.066452 -0.000000 0.002751 0.999308 -0.037085 5.245300 -0.066396 0.037186 0.997100 0.258800 0.000000 0.000000 0.000000 1.000000
0.997915 -0.002918 0.064471 0.000000 0.005720 0.999045 -0.043318 5.245300 -0.064283 0.043596 0.996979 0.258800 0.000000 0.000000 0.000000 1.000000
0.998264 -0.009109 0.058195 -0.000000 0.011764 0.998898 -0.045442 5.245300 -0.057717 0.046048 0.997270 0.258800 0.000000 0.000000 0.000000 1.000000
0.998677 -0.008327 0.050745 0.000000 0.010548 0.998991 -0.043656 5.245300 -0.050330 0.044133 0.997757 0.258800 0.000000 0.000000 0.000000 1.000000
0.998993 -0.013155 0.042883 0.000000 0.014914 0.999050 -0.040941 5.245300 -0.042303 0.041540 0.998241 0.258800 0.000000 0.000000 0.000000 1.000000
0.999055 -0.027424 0.033724 0.000000 0.028605 0.998976 -0.035053 5.245300 -0.032728 0.035984 0.998816 0.258800 0.000000 0.000000 0.000000 1.000000
0.999065 -0.034264 0.026382 0.000000 0.035032 0.998959 -0.029205 5.245300 -0.025354 0.030102 0.999225 0.258800 0.000000 0.000000 0.000000 1.000000
0.999010 -0.037576 0.023800 0.000000 0.038119 0.999014 -0.022772 5.245300 -0.022921 0.023656 0.999457 0.258800 0.000000 0.000000 0.000000 1.000000
0.999145 -0.034695 0.022464 -0.000000 0.035186 0.999142 -0.021856 5.245300 -0.021686 0.022628 0.999509 0.258800 0.000000 0.000000 0.000000 1.000000
0.999442 -0.025986 0.020982 0.000000 0.026512 0.999331 -0.025185 5.245300 -0.020314 0.025728 0.999463 0.258800 0.000000 0.000000 0.000000 1.000000
0.999717 -0.013797 0.019375 0.000000 0.014369 0.999457 -0.029668 5.245300 -0.018955 0.029938 0.999372 0.258800 0.000000 0.000000 0.000000 1.000000
0.999861 0.003926 0.016218 0.000000 -0.003410 0.999492 -0.031701 5.245300 -0.016334 0.031641 0.999366 0.258800 0.000000 0.000000 0.000000 1.000000
0.999761 0.017012 0.013704 -0.000000 -0.016589 0.999399 -0.030433 5.245300 -0.014213 0.030199 0.999443 0.258800 0.000000 0.000000 0.000000 1.000000
0.999542 0.026889 0.013890 -0.000000 -0.026477 0.999227 -0.029055 5.245300 -0.014661 0.028674 0.999481 0.258800 0.000000 0.000000 0.000000 1.000000
0.999306 0.032646 0.017953 0.000000 -0.032091 0.999024 -0.030342 5.245300 -0.018926 0.029745 0.999378 0.258800 0.000000 0.000000 0.000000 1.000000
0.999574 0.022777 0.018269 -0.000000 -0.022240 0.999331 -0.029038 5.245300 -0.018918 0.028620 0.999411 0.258800 0.000000 0.000000 0.000000 1.000000
0.999862 0.005759 0.015558 0.000000 -0.005498 0.999844 -0.016760 5.245300 -0.015652 0.016673 0.999738 0.258800 0.000000 0.000000 0.000000 1.000000
0.999764 0.004994 0.021126 -0.000000 -0.005109 0.999972 0.005400 5.245300 -0.021098 -0.005507 0.999762 0.258800 0.000000 0.000000 0.000000 1.000000
0.999557 0.009234 0.028308 0.000000 -0.009884 0.999689 0.022900 5.245300 -0.028088 -0.023170 0.999337 0.258800 0.000000 0.000000 0.000000 1.000000
0.999347 0.012726 0.033807 0.000000 -0.013666 0.999523 0.027697 5.245300 -0.033438 -0.028141 0.999045 0.258800 0.000000 0.000000 0.000000 1.000000
0.999268 0.012428 0.036185 -0.000000 -0.013308 0.999619 0.024176 5.245300 -0.035871 -0.024640 0.999053 0.258800 0.000000 0.000000 0.000000 1.000000
0.999542 -0.000424 0.030269 0.000000 -0.000195 0.999791 0.020466 5.245300 -0.030271 -0.020462 0.999332 0.258800 0.000000 0.000000 0.000000 1.000000
0.999444 -0.025995 0.020900 -0.000000 0.025582 0.999477 0.019802 5.245300 -0.021403 -0.019256 0.999585 0.258800 0.000000 0.000000 0.000000 1.000000
0.998570 -0.049944 0.019064 0.000000 0.049513 0.998521 0.022468 5.245300 -0.020158 -0.021492 0.999566 0.258800 0.000000 0.000000 0.000000 1.000000
0.997383 -0.067819 0.025040 0.000000 0.067155 0.997391 0.026492 5.245300 -0.026771 -0.024742 0.999335 0.258800 0.000000 0.000000 0.000000 1.000000
0.995987 -0.084096 0.030639 0.000000 0.083341 0.996204 0.025131 5.245300 -0.032636 -0.022477 0.999215 0.258800 0.000000 0.000000 0.000000 1.000000
0.994943 -0.094860 0.033002 0.000000 0.094123 0.995290 0.023218 5.245300 -0.035049 -0.019995 0.999186 0.258800 0.000000 0.000000 0.000000 1.000000
0.994868 -0.096947 0.028981 -0.000000 0.096300 0.995088 0.022927 5.245300 -0.031061 -0.020019 0.999317 0.258800 0.000000 0.000000 0.000000 1.000000
0.995890 -0.088282 0.020225 0.000000 0.087847 0.995902 0.021479 5.245300 -0.022039 -0.019614 0.999565 0.258800 0.000000 0.000000 0.000000 1.000000
0.996417 -0.083116 0.015633 -0.000000 0.082748 0.996308 0.022893 5.245300 -0.017479 -0.021518 0.999616 0.258800 0.000000 0.000000 0.000000 1.000000
0.995925 -0.090132 0.003243 0.000000 0.090031 0.995658 0.023669 5.245300 -0.005362 -0.023281 0.999715 0.258800 0.000000 0.000000 0.000000 1.000000
0.993813 -0.107001 -0.029789 0.000000 0.107660 0.993956 0.021452 5.245300 0.027313 -0.024527 0.999326 0.258800 0.000000 0.000000 0.000000 1.000000
0.991409 -0.119107 -0.054050 0.000000 0.120321 0.992538 0.019779 5.245300 0.051291 -0.026112 0.998342 0.258800 0.000000 0.000000 0.000000 1.000000
0.990080 -0.128318 -0.057239 -0.000000 0.129791 0.991280 0.022782 5.245300 0.053816 -0.029985 0.998101 0.258800 0.000000 0.000000 0.000000 1.000000
0.991231 -0.124275 -0.044915 -0.000000 0.125809 0.991502 0.033098 5.245300 0.040420 -0.038458 0.998442 0.258800 0.000000 0.000000 0.000000 1.000000
0.995595 -0.089090 -0.029219 0.000000 0.089970 0.995483 0.030331 5.245300 0.026385 -0.032826 0.999113 0.258800 0.000000 0.000000 0.000000 1.000000
0.997591 -0.065204 -0.023667 0.000000 0.065474 0.997796 0.010794 5.245300 0.022911 -0.012317 0.999662 0.258800 0.000000 0.000000 0.000000 1.000000
0.998135 -0.057666 -0.020041 -0.000000 0.057548 0.998322 -0.006413 5.245300 0.020377 0.005247 0.999779 0.258800 0.000000 0.000000 0.000000 1.000000
0.998336 -0.055512 -0.015598 0.000000 0.055253 0.998335 -0.016542 5.245300 0.016490 0.015653 0.999741 0.258800 0.000000 0.000000 0.000000 1.000000
0.998268 -0.057026 -0.014445 0.000000 0.056675 0.998113 -0.023645 5.245300 0.015766 0.022785 0.999616 0.258800 0.000000 0.000000 0.000000 1.000000
0.998047 -0.060484 -0.015634 0.000000 0.060007 0.997765 -0.029415 5.245300 0.017378 0.028419 0.999445 0.258800 0.000000 0.000000 0.000000 1.000000
0.997582 -0.067470 -0.016663 -0.000000 0.066852 0.997141 -0.035224 5.245300 0.018992 0.034025 0.999241 0.258800 0.000000 0.000000 0.000000 1.000000
0.996979 -0.075739 -0.017191 0.000000 0.075001 0.996375 -0.040156 5.245300 0.020170 0.038745 0.999046 0.258800 0.000000 0.000000 0.000000 1.000000
0.996468 -0.082332 -0.016517 -0.000000 0.081579 0.995783 -0.041970 5.245300 0.019903 0.040474 0.998982 0.258800 0.000000 0.000000 0.000000 1.000000
0.996534 -0.081855 -0.014841 -0.000000 0.081192 0.995863 -0.040810 5.245300 0.018121 0.039464 0.999057 0.258800 0.000000 0.000000 0.000000 1.000000
0.997152 -0.074200 -0.013498 0.000000 0.073595 0.996453 -0.040801 5.245300 0.016478 0.039692 0.999076 0.258800 0.000000 0.000000 0.000000 1.000000
0.997327 -0.071831 -0.013397 0.000000 0.071242 0.996649 -0.040204 5.245300 0.016240 0.039142 0.999102 0.258800 0.000000 0.000000 0.000000 1.000000
0.997216 -0.073194 -0.014221 -0.000000 0.072562 0.996530 -0.040787 5.245300 0.017157 0.039642 0.999067 0.258800 0.000000 0.000000 0.000000 1.000000
0.997191 -0.073571 -0.014079 -0.000000 0.072948 0.996512 -0.040527 5.245300 0.017012 0.039386 0.999079 0.258800 0.000000 0.000000 0.000000 1.000000
0.997106 -0.074872 -0.013164 0.000000 0.074295 0.996437 -0.039911 5.245300 0.016105 0.038818 0.999117 0.258800 0.000000 0.000000 0.000000 1.000000
0.996885 -0.077819 -0.012798 -0.000000 0.077259 0.996226 -0.039561 5.245300 0.015828 0.038449 0.999135 0.258800 0.000000 0.000000 0.000000 1.000000
0.996618 -0.081151 -0.012907 0.000000 0.080585 0.995960 -0.039611 5.245300 0.016069 0.038437 0.999132 0.258800 0.000000 0.000000 0.000000 1.000000
0.996438 -0.083331 -0.012953 0.000000 0.082753 0.995762 -0.040121 5.245300 0.016242 0.038906 0.999111 0.258800 0.000000 0.000000 0.000000 1.000000
0.996316 -0.084767 -0.013025 0.000000 0.084175 0.995619 -0.040722 5.245300 0.016420 0.039476 0.999086 0.258800 0.000000 0.000000 0.000000 1.000000
0.996186 -0.086238 -0.013273 0.000000 0.085628 0.995477 -0.041147 5.245300 0.016761 0.039854 0.999065 0.258800 0.000000 0.000000 0.000000 1.000000
0.996086 -0.087341 -0.013563 0.000000 0.086718 0.995380 -0.041223 5.245300 0.017101 0.039886 0.999058 0.258800 0.000000 0.000000 0.000000 1.000000
0.996053 -0.087683 -0.013777 0.000000 0.087058 0.995367 -0.040809 5.245300 0.017292 0.039448 0.999072 0.258800 0.000000 0.000000 0.000000 1.000000
