<?xml version="1.0" encoding="utf-8"?>
<COLLADA xmlns="http://www.collada.org/2005/11/COLLADASchema" version="1.4.1">
  <asset><contributor><author>Mixamo</author><authoring_tool>COLLADA Mixamo exporter</authoring_tool><comments></comments></contributor><created>2020-10-23T05:18:40Z</created><modified>2020-10-23T05:18:40Z</modified><revision></revision><title></title><unit meter="0.010000"/><up_axis>Y_UP</up_axis></asset>
  <library_animations>
    <animation id="Hips-anim" name="Hips"><source id="Hips-Matrix-animation-input"><float_array id="Hips-Matrix-animation-input-array" count="106">

0.000000 0.033333 0.066667 0.100000 0.133333 0.166667 0.200000 0.233333 0.266667 0.300000 0.333333 0.366667 0.400000 0.433333 0.466667 0.500000
0.533333 0.566667 0.600000 0.633333 0.666667 0.700000 0.733333 0.766667 0.800000 0.833333 0.866667 0.900000 0.933333 0.966667 1.000000 1.033333
1.066667 1.100000 1.133333 1.166667 1.200000 1.233333 1.266667 1.300000 1.333333 1.366667 1.400000 1.433333 1.466667 1.500000 1.533333 1.566667
1.600000 1.633333 1.666667 1.700000 1.733333 1.766667 1.800000 1.833333 1.866667 1.900000 1.933333 1.966667 2.000000 2.033333 2.066667 2.100000
2.133333 2.166667 2.200000 2.233333 2.266667 2.300000 2.333333 2.366667 2.400000 2.433333 2.466667 2.500000 2.533333 2.566667 2.600000 2.633333
2.666667 2.700000 2.733333 2.766667 2.800000 2.833333 2.866667 2.900000 2.933333 2.966667 3.000000 3.033333 3.066667 3.100000 3.133333 3.166667
3.200000 3.233333 3.266667 3.300000 3.333333 3.366667 3.400000 3.433333 3.466667 3.500000</float_array><technique_common><accessor source="#Hips-Matrix-animation-input-array" count="106"><param name="TIME" type="float"/></accessor></technique_common></source><source id="Hips-Matrix-animation-output-transform"><float_array id="Hips-Matrix-animation-output-transform-array" count="1696">

0.962757 -0.001866 -0.270363 0.000009 -0.021862 0.996164 -0.084727 99.412315 0.269484 0.087483 0.959023 0.000000 0.000000 0.000000 0.000000 1.000000
0.961654 -0.016139 -0.273789 -0.284377 -0.006051 0.996775 -0.080013 99.461334 0.274198 0.078601 0.958456 0.019500 0.000000 0.000000 0.000000 1.000000
0.959425 -0.026652 -0.280703 -0.663480 0.007235 0.997522 -0.069984 99.469864 0.281873 0.065114 0.957240 0.149449 0.000000 0.000000 0.000000 1.000000
0.952866 -0.021238 -0.302649 -1.103286 0.010305 0.999237 -0.037673 99.320702 0.303218 0.032779 0.952357 0.767755 0.000000 0.000000 0.000000 1.000000
0.941515 -0.006762 -0.336904 -1.574061 0.009440 0.999936 0.006311 99.114647 0.336840 -0.009122 0.941518 1.804767 0.000000 0.000000 0.000000 1.000000
0.924339 0.011693 -0.381393 -2.063962 0.009777 0.998476 0.054308 98.908150 0.381447 -0.053928 0.922816 3.233709 0.000000 0.000000 0.000000 1.000000
0.901487 0.027663 -0.431921 -2.569000 0.015565 0.995238 0.096228 98.768097 0.432526 -0.093471 0.896763 4.945802 0.000000 0.000000 0.000000 1.000000
0.874045 0.035809 -0.484524 -3.087552 0.027726 0.991979 0.123328 98.746620 0.485054 -0.121228 0.866041 6.782682 0.000000 0.000000 0.000000 1.000000
0.842701 0.033596 -0.537332 -3.614441 0.044200 0.990365 0.131239 98.861641 0.536564 -0.134345 0.833097 8.586363 0.000000 0.000000 0.000000 1.000000
0.806639 0.021499 -0.590653 -4.136671 0.061860 0.990779 0.120544 99.092697 0.587798 -0.133773 0.797871 10.250823 0.000000 0.000000 0.000000 1.000000
0.763874 0.002163 -0.645362 -4.631629 0.077782 0.992396 0.095392 99.390541 0.640661 -0.123065 0.757897 11.757402 0.000000 0.000000 0.000000 1.000000
0.713009 -0.020652 -0.700850 -5.067135 0.089537 0.994064 0.061799 99.688560 0.695414 -0.106815 0.710626 13.181013 0.000000 0.000000 0.000000 1.000000
0.655343 -0.042771 -0.754119 -5.404509 0.095480 0.995078 0.026537 99.907051 0.749272 -0.089393 0.656201 14.663577 0.000000 0.000000 0.000000 1.000000
0.595974 -0.059999 -0.800759 -5.605896 0.095304 0.995442 -0.003655 99.952927 0.797328 -0.074137 0.598976 16.362001 0.000000 0.000000 0.000000 1.000000
0.543133 -0.068581 -0.836841 -5.645515 0.090124 0.995663 -0.023104 99.725525 0.834796 -0.062871 0.546958 18.389133 0.000000 0.000000 0.000000 1.000000
0.506224 -0.065923 -0.859879 -5.520677 0.081420 0.996274 -0.028446 99.134697 0.858550 -0.055612 0.509705 20.771322 0.000000 0.000000 0.000000 1.000000
0.493870 -0.051394 -0.868016 -5.257172 0.069447 0.997394 -0.019541 98.129402 0.866758 -0.050630 0.496152 23.442368 0.000000 0.000000 0.000000 1.000000
0.512460 -0.026820 -0.858292 -4.905079 0.052503 0.998621 0.000142 96.725174 0.857105 -0.045136 0.513161 26.277678 0.000000 0.000000 0.000000 1.000000
0.564469 0.003622 -0.825446 -4.524484 0.028158 0.999324 0.023641 95.018311 0.824974 -0.036587 0.563986 29.151011 0.000000 0.000000 0.000000 1.000000
0.645991 0.034136 -0.762581 -4.171397 -0.003697 0.999128 0.041594 93.178268 0.763336 -0.024050 0.645554 31.984016 0.000000 0.000000 0.000000 1.000000
0.744928 0.058466 -0.664578 -3.909624 -0.037871 0.998252 0.045371 91.418983 0.666069 -0.008630 0.745840 34.764507 0.000000 0.000000 0.000000 1.000000
0.842930 0.071349 -0.533272 -3.762581 -0.064346 0.997423 0.031739 89.954849 0.534162 0.007560 0.845348 37.531563 0.000000 0.000000 0.000000 1.000000
0.922208 0.070218 -0.380265 -3.740259 -0.073849 0.997257 0.005054 88.948257 0.379577 0.023422 0.924864 40.344120 0.000000 0.000000 0.000000 1.000000
0.973108 0.057047 -0.223175 -3.860413 -0.064629 0.997549 -0.026813 88.462563 0.221099 0.040515 0.974409 43.252235 0.000000 0.000000 0.000000 1.000000
0.996267 0.039636 -0.076684 -4.155475 -0.044272 0.997232 -0.059733 88.444633 0.074105 0.062905 0.995265 46.281364 0.000000 0.000000 0.000000 1.000000
0.998007 0.030982 0.054976 -4.662610 -0.025587 0.995027 -0.096262 88.753593 -0.057685 0.094664 0.993837 49.431770 0.000000 0.000000 0.000000 1.000000
0.982849 0.045580 0.178691 -5.397577 -0.020080 0.989663 -0.141997 89.223160 -0.183316 0.135974 0.973605 52.686371 0.000000 0.000000 0.000000 1.000000
0.944281 0.102925 0.312633 -6.396124 -0.038694 0.977976 -0.205097 89.692909 -0.326858 0.181572 0.927467 56.049126 0.000000 0.000000 0.000000 1.000000
0.877605 0.178844 0.444773 -7.405747 -0.057080 0.960187 -0.273465 90.178391 -0.475973 0.214607 0.852874 59.380093 0.000000 0.000000 0.000000 1.000000
0.774719 0.258297 0.577143 -8.161966 -0.065462 0.940618 -0.333096 90.840767 -0.628908 0.220275 0.745623 62.674316 0.000000 0.000000 0.000000 1.000000
0.625642 0.340835 0.701715 -8.766972 -0.066021 0.919413 -0.387712 91.658264 -0.777312 0.196241 0.597726 65.912079 0.000000 0.000000 0.000000 1.000000
0.448543 0.403594 0.797446 -9.187510 -0.054239 0.902884 -0.426449 92.675446 -0.892114 0.148028 0.426873 69.023384 0.000000 0.000000 0.000000 1.000000
0.266233 0.417295 0.868899 -9.008457 -0.035595 0.905074 -0.423762 94.171265 -0.963251 0.081891 0.255814 72.027199 0.000000 0.000000 0.000000 1.000000
0.084728 0.396387 0.914166 -8.514616 -0.024621 0.918017 -0.395775 95.862129 -0.996100 0.011025 0.087541 74.925819 0.000000 0.000000 0.000000 1.000000
-0.087756 0.358480 0.929404 -7.954743 -0.023842 0.931980 -0.361725 97.432495 -0.995857 -0.053902 -0.073240 77.790192 0.000000 0.000000 0.000000 1.000000
-0.239660 0.326576 0.914282 -7.578350 -0.024936 0.939345 -0.342065 98.562096 -0.970537 -0.104778 -0.216980 80.746178 0.000000 0.000000 0.000000 1.000000
-0.359489 0.319023 0.876922 -7.527529 -0.016052 0.937491 -0.347639 99.045990 -0.933011 -0.139048 -0.331897 83.915199 0.000000 0.000000 0.000000 1.000000
-0.440256 0.341616 0.830345 -7.797834 0.008132 0.926271 -0.376769 98.836624 -0.897835 -0.159123 -0.410574 87.368675 0.000000 0.000000 0.000000 1.000000
-0.481279 0.386817 0.786602 -8.263651 0.042428 0.906595 -0.419864 98.017708 -0.875540 -0.168698 -0.452737 91.135284 0.000000 0.000000 0.000000 1.000000
-0.488841 0.439474 0.753590 -8.743557 0.076002 0.882009 -0.465063 96.741798 -0.869056 -0.170068 -0.464563 95.237137 0.000000 0.000000 0.000000 1.000000
-0.475000 0.484529 0.734580 -9.078915 0.101246 0.859310 -0.501333 95.156166 -0.874142 -0.163760 -0.457229 99.711105 0.000000 0.000000 0.000000 1.000000
-0.453459 0.512155 0.729433 -9.199421 0.118745 0.845833 -0.520063 93.349472 -0.883331 -0.149211 -0.444367 104.588516 0.000000 0.000000 0.000000 1.000000
-0.434399 0.518831 0.736283 -9.151674 0.134503 0.845637 -0.516534 91.351425 -0.890621 -0.125349 -0.437128 109.836601 0.000000 0.000000 0.000000 1.000000
-0.420668 0.506041 0.752968 -9.069085 0.153012 0.857664 -0.490918 89.185974 -0.894218 -0.091301 -0.438222 115.294739 0.000000 0.000000 0.000000 1.000000
-0.406086 0.478475 0.778560 -9.093935 0.172814 0.876806 -0.448716 86.939636 -0.897346 -0.047671 -0.438746 120.654968 0.000000 0.000000 0.000000 1.000000
-0.375930 0.442156 0.814356 -9.280844 0.187631 0.896935 -0.400377 84.795586 -0.907453 0.002285 -0.420147 125.526024 0.000000 0.000000 0.000000 1.000000
-0.309831 0.402267 0.861502 -9.521546 0.190306 0.913991 -0.358334 83.010399 -0.931552 0.052926 -0.359737 129.576385 0.000000 0.000000 0.000000 1.000000
-0.187421 0.361231 0.913447 -9.553598 0.175361 0.927291 -0.330726 81.841850 -0.966500 0.098199 -0.237139 132.694458 0.000000 0.000000 0.000000 1.000000
0.001687 0.318298 0.947989 -9.063058 0.140872 0.938461 -0.315350 81.461067 -0.990026 0.134077 -0.043256 135.067612 0.000000 0.000000 0.000000 1.000000
0.243896 0.271316 0.931076 -7.836237 0.092913 0.949115 -0.300911 81.887314 -0.965340 0.159900 0.206277 137.116577 0.000000 0.000000 0.000000 1.000000
0.495789 0.219765 0.840176 -5.878112 0.047354 0.959171 -0.278834 82.971832 -0.867151 0.178029 0.465140 139.316696 0.000000 0.000000 0.000000 1.000000
0.703958 0.166956 0.690340 -3.440361 0.019533 0.967060 -0.253798 84.449463 -0.709973 0.192148 0.677509 142.022552 0.000000 0.000000 0.000000 1.000000
0.839950 0.119482 0.529347 -0.961650 0.011171 0.971446 -0.236997 86.047691 -0.542549 0.204979 0.814632 145.378159 0.000000 0.000000 0.000000 1.000000
0.912186 0.083945 0.401087 1.023305 0.012387 0.972696 -0.231752 87.585930 -0.409590 0.216370 0.886239 149.307938 0.000000 0.000000 0.000000 1.000000
0.946639 0.063179 0.316042 2.122891 0.012293 0.972807 -0.231290 88.999954 -0.322060 0.222834 0.920121 153.575455 0.000000 0.000000 0.000000 1.000000
0.966412 0.054756 0.251096 2.284633 0.003444 0.974192 -0.225694 90.303574 -0.256974 0.218978 0.941283 157.902649 0.000000 0.000000 0.000000 1.000000
0.984475 0.052797 0.167398 1.787136 -0.017390 0.978336 -0.206293 91.538300 -0.174663 0.200179 0.964065 162.100296 0.000000 0.000000 0.000000 1.000000
0.998200 0.051602 0.030575 1.120101 -0.045804 0.984915 -0.166868 92.742561 -0.038725 0.165167 0.985505 166.139084 0.000000 0.000000 0.000000 1.000000
0.983838 0.048533 -0.172358 0.766071 -0.067743 0.991907 -0.107382 93.942299 0.165752 0.117322 0.979164 170.145157 0.000000 0.000000 0.000000 1.000000
0.905642 0.044331 -0.421720 0.992083 -0.067178 0.996960 -0.039464 95.156120 0.418689 0.064070 0.905867 174.358475 0.000000 0.000000 0.000000 1.000000
0.741652 0.041069 -0.669526 1.733471 -0.040116 0.999053 0.016845 96.408546 0.669584 0.014366 0.742597 179.071426 0.000000 0.000000 0.000000 1.000000
0.501828 0.039540 -0.864063 2.606912 0.001607 0.998910 0.046644 97.736206 0.864966 -0.024796 0.501217 184.528687 0.000000 0.000000 0.000000 1.000000
0.219825 0.038106 -0.974795 3.060251 0.041555 0.997964 0.048383 99.162003 0.974654 -0.051143 0.217794 190.795181 0.000000 0.000000 0.000000 1.000000
-0.067617 0.033716 -0.997141 2.611130 0.069962 0.997129 0.028971 100.647858 0.995255 -0.067803 -0.069782 197.669998 0.000000 0.000000 0.000000 1.000000
-0.332116 0.024272 -0.942926 1.059420 0.085000 0.996372 -0.004290 102.067192 0.939401 -0.081573 -0.332974 204.716690 0.000000 0.000000 0.000000 1.000000
-0.554628 0.010672 -0.832030 -1.422540 0.088852 0.994960 -0.046467 103.227249 0.827341 -0.099699 -0.552781 211.402496 0.000000 0.000000 0.000000 1.000000
-0.725475 -0.002796 -0.688243 -4.354442 0.085157 0.991943 -0.093793 103.936478 0.682960 -0.126654 -0.719392 217.279816 0.000000 0.000000 0.000000 1.000000
-0.845686 -0.009932 -0.533588 -7.282990 0.078380 0.986674 -0.142590 104.087677 0.527893 -0.162409 -0.833638 222.128876 0.000000 0.000000 0.000000 1.000000
-0.924744 -0.005187 -0.380554 -9.876928 0.072446 0.979226 -0.189388 103.715141 0.373631 -0.202705 -0.905158 226.005478 0.000000 0.000000 0.000000 1.000000
-0.973469 0.013910 -0.228395 -12.021070 0.068120 0.970510 -0.231236 102.990860 0.218443 -0.240659 -0.945709 229.179382 0.000000 0.000000 0.000000 1.000000
-0.996689 0.045363 -0.067471 -13.808723 0.061757 0.962162 -0.265388 102.156250 0.052879 -0.268676 -0.961778 231.992966 0.000000 0.000000 0.000000 1.000000
-0.990392 0.082772 0.110783 -15.439320 0.047675 0.956344 -0.288329 101.424835 -0.129812 -0.280277 -0.951101 234.706985 0.000000 0.000000 0.000000 1.000000
-0.945295 0.116838 0.304575 -17.085028 0.023012 0.955217 -0.295009 100.907135 -0.325403 -0.271862 -0.905651 237.403458 0.000000 0.000000 0.000000 1.000000
-0.855162 0.137898 0.499682 -18.793524 -0.009006 0.959868 -0.280309 100.592987 -0.518282 -0.244210 -0.819601 239.990219 0.000000 0.000000 0.000000 1.000000
-0.723410 0.138712 0.676341 -20.454603 -0.040893 0.969282 -0.242531 100.394112 -0.689207 -0.203107 -0.695515 242.305130 0.000000 0.000000 0.000000 1.000000
-0.561953 0.116675 0.818899 -21.774639 -0.066579 0.980410 -0.185375 100.219246 -0.824485 -0.158694 -0.543176 244.265808 0.000000 0.000000 0.000000 1.000000
-0.384153 0.074990 0.920219 -22.470285 -0.085181 0.989566 -0.116201 100.038467 -0.919332 -0.123024 -0.373757 245.979904 0.000000 0.000000 0.000000 1.000000
-0.198805 0.022295 0.979785 -22.378448 -0.099233 0.994145 -0.042756 99.898727 -0.975002 -0.105727 -0.195429 247.750229 0.000000 0.000000 0.000000 1.000000
-0.008947 -0.029559 0.999523 -21.507786 -0.109795 0.993548 0.028399 99.887329 -0.993914 -0.109489 -0.012134 249.967148 0.000000 0.000000 0.000000 1.000000
0.185313 -0.069220 0.980239 -20.038744 -0.113933 0.989275 0.091397 100.075966 -0.976052 -0.128619 0.175439 252.937637 0.000000 0.000000 0.000000 1.000000
0.381954 -0.089485 0.919839 -18.270706 -0.107185 0.984296 0.140263 100.482590 -0.917945 -0.152167 0.366364 256.733948 0.000000 0.000000 0.000000 1.000000
0.572453 -0.089383 0.815051 -16.534954 -0.088591 0.981479 0.169856 101.066383 -0.815137 -0.169441 0.553932 261.141327 0.000000 0.000000 0.000000 1.000000
0.741001 -0.074071 0.667406 -15.099629 -0.062948 0.981859 0.178860 101.748932 -0.668547 -0.174548 0.722895 265.738129 0.000000 0.000000 0.000000 1.000000
0.870461 -0.052689 0.489409 -14.111780 -0.037251 0.984352 0.172229 102.445457 -0.490826 -0.168149 0.854878 270.063324 0.000000 0.000000 0.000000 1.000000
0.952100 -0.034860 0.303792 -13.646626 -0.014680 0.987124 0.159279 103.086815 -0.305433 -0.156109 0.939330 273.786682 0.000000 0.000000 0.000000 1.000000
0.990517 -0.027166 0.134677 -13.591822 0.006972 0.988933 0.148200 103.626358 -0.137213 -0.145856 0.979744 276.795624 0.000000 0.000000 0.000000 1.000000
0.999512 -0.031172 -0.001926 -13.749996 0.031128 0.989295 0.142573 104.040649 -0.002539 -0.142564 0.989782 279.173126 0.000000 0.000000 0.000000 1.000000
0.993871 -0.043806 -0.101495 -13.920509 0.058076 0.988131 0.142211 104.333717 0.094061 -0.147234 0.984619 281.102051 0.000000 0.000000 0.000000 1.000000
0.983906 -0.059612 -0.168452 -13.949726 0.084605 0.985760 0.145324 104.537758 0.157390 -0.157237 0.974938 282.764374 0.000000 0.000000 0.000000 1.000000
0.974627 -0.073502 -0.211424 -13.750707 0.106599 0.982973 0.149671 104.700653 0.196823 -0.168412 0.965867 284.281250 0.000000 0.000000 0.000000 1.000000
0.967482 -0.082534 -0.239096 -13.293170 0.121511 0.980703 0.153155 104.861481 0.221842 -0.177228 0.958841 285.709808 0.000000 0.000000 0.000000 1.000000
0.962365 -0.086019 -0.257789 -12.577429 0.128944 0.979540 0.154512 105.027802 0.239224 -0.181937 0.953767 287.077759 0.000000 0.000000 0.000000 1.000000
0.958864 -0.084406 -0.271028 -11.612324 0.129653 0.979586 0.153625 105.165390 0.252528 -0.182445 0.950233 288.426697 0.000000 0.000000 0.000000 1.000000
0.956661 -0.078035 -0.280554 -10.410300 0.124279 0.980690 0.151004 105.201294 0.263353 -0.179327 0.947886 289.834656 0.000000 0.000000 0.000000 1.000000
0.955393 -0.066754 -0.287693 -8.998965 0.112866 0.982707 0.146796 105.038452 0.272919 -0.172718 0.946406 291.404236 0.000000 0.000000 0.000000 1.000000
0.954455 -0.050621 -0.294028 -7.437006 0.095424 0.985530 0.140087 104.581490 0.282682 -0.161764 0.945475 293.222229 0.000000 0.000000 0.000000 1.000000
0.953124 -0.030990 -0.300989 -5.819685 0.072923 0.988947 0.129098 103.773186 0.293661 -0.144995 0.944849 295.311707 0.000000 0.000000 0.000000 1.000000
0.951038 -0.010949 -0.308879 -4.265927 0.047848 0.992540 0.112140 102.632950 0.305347 -0.121429 0.944467 297.605865 0.000000 0.000000 0.000000 1.000000
0.948633 0.005508 -0.316331 -2.890967 0.023793 0.995775 0.088691 101.277298 0.315483 -0.091661 0.944494 299.960846 0.000000 0.000000 0.000000 1.000000
0.947009 0.015197 -0.320846 -1.776995 0.004300 0.998191 0.059971 99.904022 0.321177 -0.058173 0.945231 302.204407 0.000000 0.000000 0.000000 1.000000
0.947194 0.017252 -0.320196 -0.956122 -0.008466 0.999549 0.028810 98.738609 0.320548 -0.024578 0.946913 304.196045 0.000000 0.000000 0.000000 1.000000
0.949400 0.013414 -0.313782 -0.411770 -0.014540 0.999893 -0.001251 97.963989 0.313731 0.005750 0.949494 305.866791 0.000000 0.000000 0.000000 1.000000
0.952940 0.006964 -0.303079 -0.095004 -0.015998 0.999498 -0.027332 97.664909 0.302737 0.030895 0.952573 307.226044 0.000000 0.000000 0.000000 1.000000
0.956767 0.001045 -0.290852 0.054912 -0.015783 0.998707 -0.048330 97.812080 0.290426 0.050831 0.955546 308.337219 0.000000 0.000000 0.000000 1.000000
0.959780 -0.001854 -0.280746 0.080010 -0.016952 0.997771 -0.064541 98.327499 0.280240 0.066705 0.957610 309.262115 0.000000 0.000000 0.000000 1.000000
0.961777 -0.001887 -0.273827 0.028425 -0.020251 0.996748 -0.077997 99.051010 0.273084 0.080561 0.958611 310.079346 0.000000 0.000000 0.000000 1.000000</float_array><technique_common><accessor source="#Hips-Matrix-animation-output-transform-array" count="106" stride="16"><param type="float4x4"/></accessor></technique_common></source><source id="Hips-Interpolations"><Name_array id="Hips-Interpolations-array" count="106">
 LINEAR LINEAR LINEAR LINEAR LINEAR LINEAR LINEAR LINEAR LINEAR LINEAR LINEAR
LINEAR LINEAR LINEAR LINEAR LINEAR LINEAR LINEAR LINEAR LINEAR LINEAR LINEAR LINEAR
LINEAR LINEAR LINEAR LINEAR LINEAR LINEAR LINEAR LINEAR LINEAR LINEAR LINEAR LINEAR
LINEAR LINEAR LINEAR LINEAR LINEAR LINEAR LINEAR LINEAR LINEAR LINEAR LINEAR LINEAR
LINEAR LINEAR LINEAR LINEAR LINEAR LINEAR LINEAR LINEAR LINEAR LINEAR LINEAR LINEAR
LINEAR LINEAR LINEAR LINEAR LINEAR LINEAR LINEAR LINEAR LINEAR LINEAR LINEAR LINEAR
LINEAR LINEAR LINEAR LINEAR LINEAR LINEAR LINEAR LINEAR LINEAR LINEAR LINEAR LINEAR
LINEAR LINEAR LINEAR LINEAR LINEAR LINEAR LINEAR LINEAR LINEAR LINEAR LINEAR LINEAR
LINEAR LINEAR LINEAR LINEAR LINEAR LINEAR LINEAR LINEAR LINEAR LINEAR LINEAR</Name_array><technique_common><accessor source="#Hips-Interpolations-array" count="106"><param type="name"/></accessor></technique_common></source><sampler id="Hips-Matrix-animation-transform"><input semantic="INPUT" source="#Hips-Matrix-animation-input"/><input semantic="OUTPUT" source="#Hips-Matrix-animation-output-transform"/><input semantic="INTERPOLATION" source="#Hips-Interpolations"/></sampler><channel source="#Hips-Matrix-animation-transform" target="Hips/matrix"/></animation>
    <animation id="Spine-anim" name="Spine"><source id="Spine-Matrix-animation-input"><float_array id="Spine-Matrix-animation-input-array" count="106">

0.000000 0.033333 0.066667 0.100000 0.133333 0.166667 0.200000 0.233333 0.266667 0.300000 0.333333 0.366667 0.400000 0.433333 0.466667 0.500000
0.533333 0.566667 0.600000 0.633333 0.666667 0.700000 0.733333 0.766667 0.800000 0.833333 0.866667 0.900000 0.933333 0.966667 1.000000 1.033333
1.066667 1.100000 1.133333 1.166667 1.200000 1.233333 1.266667 1.300000 1.333333 1.366667 1.400000 1.433333 1.466667 1.500000 1.533333 1.566667
1.600000 1.633333 1.666667 1.700000 1.733333 1.766667 1.800000 1.833333 1.866667 1.900000 1.933333 1.966667 2.000000 2.033333 2.066667 2.100000
2.133333 2.166667 2.200000 2.233333 2.266667 2.300000 2.333333 2.366667 2.400000 2.433333 2.466667 2.500000 2.533333 2.566667 2.600000 2.633333
2.666667 2.700000 2.733333 2.766667 2.800000 2.833333 2.866667 2.900000 2.933333 2.966667 3.000000 3.033333 3.066667 3.100000 3.133333 3.166667
3.200000 3.233333 3.266667 3.300000 3.333333 3.366667 3.400000 3.433333 3.466667 3.500000</float_array><technique_common><accessor source="#Spine-Matrix-animation-input-array" count="106"><param name="TIME" type="float"/></accessor></technique_common></source><source id="Spine-Matrix-animation-output-transform"><float_array id="Spine-Matrix-animation-output-transform-array" count="1696">

0.997002 0.004699 0.077231 0.000000 0.025952 0.920023 -0.391004 5.245300 -0.072891 0.391836 0.917143 0.258800 0.000000 0.000000 0.000000 1.000000
0.994317 -0.015158 0.105378 0.000000 0.053986 0.924903 -0.376351 5.245300 -0.091760 0.379901 0.920465 0.258800 0.000000 0.000000 0.000000 1.000000
0.990113 -0.038444 0.134902 -0.000000 0.084632 0.930668 -0.355940 5.245300 -0.111865 0.363838 0.924720 0.258800 0.000000 0.000000 0.000000 1.000000
0.982835 -0.075355 0.168393 -0.000000 0.125883 0.941194 -0.313540 5.245300 -0.134864 0.329356 0.934525 0.258800 0.000000 0.000000 0.000000 1.000000
0.974472 -0.114436 0.193152 0.000000 0.162948 0.952343 -0.257860 5.245300 -0.154439 0.282751 0.946679 0.258800 0.000000 0.000000 0.000000 1.000000
0.969227 -0.148264 0.196510 0.000000 0.187478 0.961914 -0.198930 5.245300 -0.159532 0.229649 0.960110 0.258800 0.000000 0.000000 0.000000 1.000000
0.971152 -0.170831 0.166373 0.000000 0.195819 0.969469 -0.147594 5.245300 -0.136080 0.175915 0.974954 0.258800 0.000000 0.000000 0.000000 1.000000
0.979575 -0.176877 0.095640 0.000000 0.187332 0.975610 -0.114420 5.245300 -0.073069 0.130000 0.988818 0.258800 0.000000 0.000000 0.000000 1.000000
0.986140 -0.165412 -0.012903 0.000000 0.163247 0.981235 -0.102603 5.245300 0.029633 0.099075 0.994639 0.258800 0.000000 0.000000 0.000000 1.000000
0.979603 -0.139230 -0.144891 0.000000 0.124227 0.986366 -0.107933 5.245300 0.157943 0.087732 0.983543 0.258800 0.000000 0.000000 0.000000 1.000000
0.954905 -0.104989 -0.277731 0.000000 0.073809 0.989971 -0.120457 5.245300 0.287592 0.094526 0.953077 0.258800 0.000000 0.000000 0.000000 1.000000
0.918553 -0.069679 -0.389108 -0.000000 0.019551 0.991145 -0.131335 5.245300 0.394814 0.113030 0.911782 0.258800 0.000000 0.000000 0.000000 1.000000
0.884693 -0.037424 -0.464669 0.000000 -0.030592 0.989963 -0.137976 5.245300 0.465169 0.136281 0.874669 0.258800 0.000000 0.000000 0.000000 1.000000
0.866379 -0.014545 -0.499176 -0.000000 -0.065074 0.987765 -0.141724 5.245300 0.495130 0.155270 0.854832 0.258800 0.000000 0.000000 0.000000 1.000000
0.868405 -0.003544 -0.495842 0.000000 -0.079129 0.986169 -0.145633 5.245300 0.489501 0.165704 0.856114 0.258800 0.000000 0.000000 0.000000 1.000000
0.885812 -0.003511 -0.464030 -0.000000 -0.074552 0.985905 -0.149775 5.245300 0.458016 0.167267 0.873065 0.258800 0.000000 0.000000 0.000000 1.000000
0.909072 -0.010609 -0.416504 -0.000000 -0.058061 0.986695 -0.151858 5.245300 0.412574 0.162233 0.896361 0.258800 0.000000 0.000000 0.000000 1.000000
0.930330 -0.019534 -0.366203 0.000000 -0.038067 0.988042 -0.149414 5.245300 0.364742 0.152944 0.918461 0.258800 0.000000 0.000000 0.000000 1.000000
0.946984 -0.025056 -0.320303 0.000000 -0.021509 0.989773 -0.141018 5.245300 0.320561 0.140431 0.936760 0.258800 0.000000 0.000000 0.000000 1.000000
0.959889 -0.021206 -0.279578 0.000000 -0.015299 0.991689 -0.127746 5.245300 0.279964 0.126899 0.951587 0.258800 0.000000 0.000000 0.000000 1.000000
0.971060 -0.003843 -0.238806 0.000000 -0.023919 0.993279 -0.113245 5.245300 0.237636 0.115679 0.964441 0.258800 0.000000 0.000000 0.000000 1.000000
0.981372 0.029462 -0.189844 0.000000 -0.049822 0.993393 -0.103382 5.245300 0.185544 0.110915 0.976356 0.258800 0.000000 0.000000 0.000000 1.000000
0.988907 0.079677 -0.125359 0.000000 -0.093077 0.990113 -0.104946 5.245300 0.115758 0.115450 0.986545 0.258800 0.000000 0.000000 0.000000 1.000000
0.988896 0.142206 -0.043153 0.000000 -0.146534 0.981432 -0.123767 5.245300 0.024752 0.128716 0.991373 0.258800 0.000000 0.000000 0.000000 1.000000
0.975740 0.212686 0.051919 0.000000 -0.201971 0.965994 -0.161443 5.245300 -0.084490 0.147041 0.985515 0.258800 0.000000 0.000000 0.000000 1.000000
0.948189 0.282058 0.146223 0.000000 -0.248076 0.944834 -0.213886 5.245300 -0.198485 0.166529 0.965853 0.258800 0.000000 0.000000 0.000000 1.000000
0.914155 0.336474 0.226067 0.000000 -0.273276 0.923446 -0.269385 5.245300 -0.299402 0.184481 0.936123 0.258800 0.000000 0.000000 0.000000 1.000000
0.893070 0.356275 0.274761 0.000000 -0.271381 0.913657 -0.302628 5.245300 -0.358856 0.195703 0.912646 0.258800 0.000000 0.000000 0.000000 1.000000
0.882834 0.356434 0.305874 0.000000 -0.253074 0.909601 -0.329514 5.245300 -0.395673 0.213497 0.893231 0.258800 0.000000 0.000000 0.000000 1.000000
0.890162 0.332169 0.311889 0.000000 -0.217840 0.911457 -0.348986 5.245300 -0.400196 0.242712 0.883705 0.258800 0.000000 0.000000 0.000000 1.000000
0.913204 0.280040 0.296034 0.000000 -0.167207 0.919991 -0.354484 5.245300 -0.371618 0.274217 0.886964 0.258800 0.000000 0.000000 0.000000 1.000000
0.936466 0.213704 0.278141 0.000000 -0.103021 0.925571 -0.364287 5.245300 -0.335289 0.312488 0.888782 0.258800 0.000000 0.000000 0.000000 1.000000
0.953721 0.136214 0.268072 -0.000000 -0.019949 0.918209 -0.395593 5.245300 -0.300032 0.371938 0.878432 0.258800 0.000000 0.000000 0.000000 1.000000
0.961617 0.042945 0.271014 -0.000000 0.082476 0.896768 -0.434747 5.245300 -0.261707 0.440412 0.858805 0.258800 0.000000 0.000000 0.000000 1.000000
0.956767 -0.061537 0.284271 -0.000000 0.194141 0.862885 -0.466625 5.245300 -0.216578 0.501640 0.837527 0.258800 0.000000 0.000000 0.000000 1.000000
0.940474 -0.160048 0.299821 0.000000 0.294357 0.824558 -0.483175 5.245300 -0.169889 0.542668 0.822587 0.258800 0.000000 0.000000 0.000000 1.000000
0.921133 -0.234138 0.310957 0.000000 0.366118 0.792428 -0.487868 5.245300 -0.132183 0.563238 0.815653 0.258800 0.000000 0.000000 0.000000 1.000000
0.907858 -0.274421 0.316996 0.000000 0.404465 0.772392 -0.489713 5.245300 -0.110458 0.572803 0.812216 0.258800 0.000000 0.000000 0.000000 1.000000
0.903359 -0.282729 0.322502 0.000000 0.415593 0.762811 -0.495381 5.245300 -0.105950 0.581536 0.806592 0.258800 0.000000 0.000000 0.000000 1.000000
0.904107 -0.267622 0.333120 0.000000 0.411068 0.757591 -0.507029 5.245300 -0.116676 0.595343 0.794955 0.258800 0.000000 0.000000 0.000000 1.000000
0.905451 -0.239562 0.350384 0.000000 0.401569 0.750874 -0.524338 5.245300 -0.137483 0.615466 0.776080 0.258800 0.000000 0.000000 0.000000 1.000000
0.905345 -0.209185 0.369584 -0.000000 0.393787 0.739355 -0.546156 5.245300 -0.159006 0.639997 0.751745 0.258800 0.000000 0.000000 0.000000 1.000000
0.906313 -0.184056 0.380421 0.000000 0.386999 0.723127 -0.572118 5.245300 -0.169791 0.665741 0.726609 0.258800 0.000000 0.000000 0.000000 1.000000
0.913812 -0.167437 0.370017 -0.000000 0.373463 0.704457 -0.603545 5.245300 -0.159605 0.689714 0.706272 0.258800 0.000000 0.000000 0.000000 1.000000
0.932129 -0.156675 0.326478 0.000000 0.340319 0.687134 -0.641896 5.245300 -0.123765 0.709437 0.693817 0.258800 0.000000 0.000000 0.000000 1.000000
0.959107 -0.144610 0.243315 -0.000000 0.275448 0.674695 -0.684774 5.245300 -0.065138 0.723792 0.686937 0.258800 0.000000 0.000000 0.000000 1.000000
0.984949 -0.120146 0.124257 0.000000 0.172803 0.668905 -0.722983 5.245300 0.003747 0.733574 0.679599 0.258800 0.000000 0.000000 0.000000 1.000000
0.997016 -0.075965 -0.013700 -0.000000 0.040801 0.669296 -0.741875 5.245300 0.065525 0.739102 0.670399 0.258800 0.000000 0.000000 0.000000 1.000000
0.988947 -0.009892 -0.147939 -0.000000 -0.102857 0.672869 -0.732576 5.245300 0.106790 0.739696 0.664414 0.258800 0.000000 0.000000 0.000000 1.000000
0.963527 0.076668 -0.256394 0.000000 -0.239531 0.674312 -0.698519 5.245300 0.119336 0.734456 0.668082 0.258800 0.000000 0.000000 0.000000 1.000000
0.927654 0.178104 -0.328233 0.000000 -0.358557 0.670457 -0.649557 5.245300 0.104377 0.720254 0.685813 0.258800 0.000000 0.000000 0.000000 1.000000
0.888431 0.274767 -0.367687 0.000000 -0.451786 0.665018 -0.594677 5.245300 0.081121 0.694445 0.714958 0.258800 0.000000 0.000000 0.000000 1.000000
0.853923 0.340517 -0.393528 0.000000 -0.515162 0.660155 -0.546630 5.245300 0.073653 0.669510 0.739142 0.258800 0.000000 0.000000 0.000000 1.000000
0.828869 0.361387 -0.427055 0.000000 -0.551755 0.654186 -0.517307 5.245300 0.092426 0.664410 0.741632 0.258800 0.000000 0.000000 0.000000 1.000000
0.809830 0.339516 -0.478439 0.000000 -0.569997 0.648364 -0.504706 5.245300 0.138847 0.681435 0.718588 0.258800 0.000000 0.000000 0.000000 1.000000
0.789128 0.295167 -0.538659 0.000000 -0.580408 0.645322 -0.496675 5.245300 0.201006 0.704582 0.680559 0.258800 0.000000 0.000000 0.000000 1.000000
0.762232 0.256867 -0.594157 0.000000 -0.591956 0.647989 -0.479268 5.245300 0.261899 0.717028 0.645972 0.258800 0.000000 0.000000 0.000000 1.000000
0.734662 0.247728 -0.631587 0.000000 -0.604285 0.662132 -0.443195 5.245300 0.308402 0.707257 0.636142 0.258800 0.000000 0.000000 0.000000 1.000000
0.720641 0.270306 -0.638445 0.000000 -0.605858 0.693220 -0.390361 5.245300 0.337066 0.668117 0.663330 0.258800 0.000000 0.000000 0.000000 1.000000
0.733520 0.306517 -0.606627 0.000000 -0.583737 0.741283 -0.331286 5.245300 0.348137 0.597115 0.722671 0.258800 0.000000 0.000000 0.000000 1.000000
0.775568 0.329407 -0.538503 0.000000 -0.532739 0.799174 -0.278405 5.245300 0.338650 0.502804 0.795302 0.258800 0.000000 0.000000 0.000000 1.000000
0.836275 0.314991 -0.448805 0.000000 -0.454039 0.856705 -0.244755 5.245300 0.307398 0.408457 0.859459 0.258800 0.000000 0.000000 0.000000 1.000000
0.898069 0.255983 -0.357694 0.000000 -0.352913 0.904722 -0.238603 5.245300 0.262535 0.340517 0.902842 0.258800 0.000000 0.000000 0.000000 1.000000
0.945525 0.165364 -0.280423 0.000000 -0.241220 0.934332 -0.262368 5.245300 0.218622 0.315719 0.923323 0.258800 0.000000 0.000000 0.000000 1.000000
0.972433 0.069978 -0.222436 0.000000 -0.138575 0.940618 -0.309894 5.245300 0.187542 0.332175 0.924385 0.258800 0.000000 0.000000 0.000000 1.000000
0.982969 -0.005668 -0.183686 0.000000 -0.063360 0.927788 -0.367688 5.245300 0.172506 0.373064 0.911628 0.258800 0.000000 0.000000 0.000000 1.000000
0.985266 -0.052077 -0.162910 0.000000 -0.021387 0.907525 -0.419454 5.245300 0.169689 0.416758 0.893039 0.258800 0.000000 0.000000 0.000000 1.000000
0.984919 -0.074898 -0.155965 0.000000 -0.004071 0.891162 -0.453667 5.245300 0.172969 0.447460 0.877417 0.258800 0.000000 0.000000 0.000000 1.000000
0.984337 -0.083079 -0.155494 0.000000 0.000862 0.884260 -0.466994 5.245300 0.176295 0.459546 0.870481 0.258800 0.000000 0.000000 0.000000 1.000000
0.984681 -0.083050 -0.153319 0.000000 0.002207 0.885151 -0.465298 5.245300 0.174354 0.457832 0.871775 0.258800 0.000000 0.000000 0.000000 1.000000
0.986691 -0.076637 -0.143413 0.000000 0.002133 0.887994 -0.459850 5.245300 0.162592 0.453424 0.876339 0.258800 0.000000 0.000000 0.000000 1.000000
0.990261 -0.062429 -0.124442 0.000000 -0.002110 0.886996 -0.461772 5.245300 0.139208 0.457538 0.878226 0.258800 0.000000 0.000000 0.000000 1.000000
0.994251 -0.036067 -0.100819 -0.000000 -0.016552 0.878478 -0.477496 5.245300 0.105790 0.476419 0.872831 0.258800 0.000000 0.000000 0.000000 1.000000
0.996631 0.008399 -0.081581 0.000000 -0.048588 0.861845 -0.504839 5.245300 0.066070 0.507103 0.859350 0.258800 0.000000 0.000000 0.000000 1.000000
0.994322 0.073336 -0.077114 0.000000 -0.103294 0.839383 -0.533635 5.245300 0.025593 0.538570 0.842192 0.258800 0.000000 0.000000 0.000000 1.000000
0.983557 0.154834 -0.092965 0.000000 -0.180355 0.815284 -0.550259 5.245300 -0.009406 0.557977 0.829803 0.258800 0.000000 0.000000 0.000000 1.000000
0.961115 0.244039 -0.129240 0.000000 -0.274554 0.794217 -0.542070 5.245300 -0.029642 0.556475 0.830336 0.258800 0.000000 0.000000 0.000000 1.000000
0.926193 0.331704 -0.179275 0.000000 -0.376101 0.779043 -0.501637 5.245300 -0.026732 0.532038 0.846298 0.258800 0.000000 0.000000 0.000000 1.000000
0.880813 0.411769 -0.233698 0.000000 -0.473442 0.770810 -0.426269 5.245300 0.004613 0.486106 0.873888 0.258800 0.000000 0.000000 0.000000 1.000000
0.829774 0.481816 -0.281654 0.000000 -0.554500 0.768963 -0.318158 5.245300 0.063288 0.420177 0.905233 0.258800 0.000000 0.000000 0.000000 1.000000
0.782347 0.537974 -0.313875 0.000000 -0.606433 0.772855 -0.186907 5.245300 0.142029 0.336571 0.930886 0.258800 0.000000 0.000000 0.000000 1.000000
0.750649 0.573826 -0.327491 0.000000 -0.620338 0.782712 -0.050429 5.245300 0.227394 0.241009 0.943508 0.258800 0.000000 0.000000 0.000000 1.000000
0.742798 0.583535 -0.328234 0.000000 -0.597314 0.799049 0.068821 5.245300 0.302435 0.144939 0.942086 0.258800 0.000000 0.000000 0.000000 1.000000
0.757076 0.566725 -0.325051 0.000000 -0.549692 0.821442 0.151894 5.245300 0.353092 0.063683 0.933419 0.258800 0.000000 0.000000 0.000000 1.000000
0.782077 0.532780 -0.323266 0.000000 -0.496825 0.846195 0.192662 5.245300 0.376193 0.009930 0.926488 0.258800 0.000000 0.000000 0.000000 1.000000
0.806827 0.494705 -0.322952 0.000000 -0.453197 0.868947 0.198856 5.245300 0.379003 -0.014081 0.925288 0.258800 0.000000 0.000000 0.000000 1.000000
0.825796 0.462252 -0.323086 0.000000 -0.424324 0.886625 0.183973 5.245300 0.371498 -0.014831 0.928315 0.258800 0.000000 0.000000 0.000000 1.000000
0.839532 0.437749 -0.321810 0.000000 -0.407510 0.899092 0.159906 5.245300 0.359335 -0.003106 0.933203 0.258800 0.000000 0.000000 0.000000 1.000000
0.851637 0.418079 -0.316108 0.000000 -0.396557 0.908330 0.132962 5.245300 0.342719 0.012120 0.939360 0.258800 0.000000 0.000000 0.000000 1.000000
0.865519 0.399071 -0.302687 0.000000 -0.386118 0.916534 0.104299 5.245300 0.319046 0.026600 0.947366 0.258800 0.000000 0.000000 0.000000 1.000000
0.882701 0.377707 -0.279599 -0.000000 -0.372780 0.925061 0.072780 5.245300 0.286136 0.039986 0.957354 0.258800 0.000000 0.000000 0.000000 1.000000
0.902639 0.352365 -0.247149 0.000000 -0.354617 0.934283 0.036890 5.245300 0.243906 0.054345 0.968275 0.258800 0.000000 0.000000 0.000000 1.000000
0.923815 0.321519 -0.207825 0.000000 -0.329578 0.944118 -0.004413 5.245300 0.194792 0.072571 0.978156 0.258800 0.000000 0.000000 0.000000 1.000000
0.944722 0.283436 -0.164818 0.000000 -0.295094 0.954124 -0.050655 5.245300 0.142899 0.096492 0.985022 0.258800 0.000000 0.000000 0.000000 1.000000
0.964008 0.236855 -0.120783 0.000000 -0.249108 0.963405 -0.098974 5.245300 0.092921 0.125499 0.987733 0.258800 0.000000 0.000000 0.000000 1.000000
0.980072 0.182853 -0.077613 0.000000 -0.192543 0.970546 -0.144805 5.245300 0.048849 0.156863 0.986412 0.258800 0.000000 0.000000 0.000000 1.000000
0.991354 0.125841 -0.037180 0.000000 -0.130566 0.974217 -0.183992 5.245300 0.013068 0.187255 0.982224 0.258800 0.000000 0.000000 0.000000 1.000000
0.997315 0.073216 -0.001788 0.000000 -0.071882 0.973888 -0.215347 5.245300 -0.014025 0.214897 0.976536 0.258800 0.000000 0.000000 0.000000 1.000000
0.999131 0.032226 0.026448 0.000000 -0.024916 0.970217 -0.240951 5.245300 -0.033425 0.240082 0.970177 0.258800 0.000000 0.000000 0.000000 1.000000
0.998885 0.006650 0.046736 0.000000 0.005926 0.964534 -0.263893 5.245300 -0.046833 0.263876 0.963419 0.258800 0.000000 0.000000 0.000000 1.000000
0.998230 -0.003222 0.059380 -0.000000 0.020143 0.957821 -0.286659 5.245300 -0.055952 0.287348 0.956191 0.258800 0.000000 0.000000 0.000000 1.000000
0.997785 -0.002312 0.066478 0.000000 0.022868 0.950400 -0.310188 5.245300 -0.062463 0.311021 0.948348 0.258800 0.000000 0.000000 0.000000 1.000000
0.997523 0.002941 0.070285 -0.000000 0.020723 0.942505 -0.333549 5.245300 -0.067225 0.334179 0.940109 0.258800 0.000000 0.000000 0.000000 1.000000
0.997318 0.007450 0.072815 0.000000 0.018947 0.934626 -0.355127 5.245300 -0.070701 0.355554 0.931978 0.258800 0.000000 0.000000 0.000000 1.000000
0.997164 0.008305 0.074800 0.000000 0.020194 0.927922 -0.372228 5.245300 -0.072499 0.372682 0.925123 0.258800 0.000000 0.000000 0.000000 1.000000
0.997061 0.005933 0.076384 0.000000 0.023987 0.922701 -0.384769 5.245300 -0.072762 0.385471 0.919847 0.258800 0.000000 0.000000 0.000000 1.000000</float_array><technique_common><accessor source="#Spine-Matrix-animation-output-transform-array" count="106" stride="16"><param type="float4x4"/></accessor></technique_common></source><source id="Spine-Interpolations"><Name_array id="Spine-Interpolations-array" count="106">
 LINEAR LINEAR LINEAR LINEAR LINEAR LINEAR LINEAR LINEAR LINEAR LINEAR LINEAR
LINEAR LINEAR LINEAR LINEAR LINEAR LINEAR LINEAR LINEAR LINEAR LINEAR LINEAR LINEAR
LINEAR LINEAR LINEAR LINEAR LINEAR LINEAR LINEAR LINEAR LINEAR LINEAR LINEAR LINEAR
LINEAR LINEAR LINEAR LINEAR LINEAR LINEAR LINEAR LINEAR LINEAR LINEAR LINEAR LINEAR
LINEAR LINEAR LINEAR LINEAR LINEAR LINEAR LINEAR LINEAR LINEAR LINEAR LINEAR LINEAR
LINEAR LINEAR LINEAR LINEAR LINEAR LINEAR LINEAR LINEAR LINEAR LINEAR LINEAR LINEAR
LINEAR LINEAR LINEAR LINEAR LINEAR LINEAR LINEAR LINEAR LINEAR LINEAR LINEAR LINEAR
LINEAR LINEAR LINEAR LINEAR LINEAR LINEAR LINEAR LINEAR LINEAR LINEAR LINEAR LINEAR
LINEAR LINEAR LINEAR LINEAR LINEAR LINEAR LINEAR LINEAR LINEAR LINEAR LINEAR</Name_array><technique_common><accessor source="#Spine-Interpolations-array" count="106"><param type="name"/></accessor></technique_common></source><sampler id="Spine-Matrix-animation-transform"><input semantic="INPUT" source="#Spine-Matrix-animation-input"/><input semantic="OUTPUT" source="#Spine-Matrix-animation-output-transform"/><input semantic="INTERPOLATION" source="#Spine-Interpolations"/></sampler><channel source="#Spine-Matrix-animation-transform" target="Spine/matrix"/></animation>
    <animation id="Spine1-anim" name="Spine1"><source id="Spine1-Matrix-animation-input"><float_array id="Spine1-Matrix-animation-input-array" count="106">

0.000000 0.033333 0.066667 0.100000 0.133333 0.166667 0.200000 0.233333 0.266667 0.300000 0.333333 0.366667 0.400000 0.433333 0.466667 0.500000
0.533333 0.566667 0.600000 0.633333 0.666667 0.700000 0.733333 0.766667 0.800000 0.833333 0.866667 0.900000 0.933333 0.966667 1.000000 1.033333
1.066667 1.100000 1.133333 1.166667 1.200000 1.233333 1.266667 1.300000 1.333333 1.366667 1.400000 1.433333 1.466667 1.500000 1.533333 1.566667
1.600000 1.633333 1.666667 1.700000 1.733333 1.766667 1.800000 1.833333 1.866667 1.900000 1.933333 1.966667 2.000000 2.033333 2.066667 2.100000
2.133333 2.166667 2.200000 2.233333 2.266667 2.300000 2.333333 2.366667 2.400000 2.433333 2.466667 2.500000 2.533333 2.566667 2.600000 2.633333
2.666667 2.700000 2.733333 2.766667 2.800000 2.833333 2.866667 2.900000 2.933333 2.966667 3.000000 3.033333 3.066667 3.100000 3.133333 3.166667
3.200000 3.233333 3.266667 3.300000 3.333333 3.366667 3.400000 3.433333 3.466667 3.500000</float_array><technique_common><accessor source="#Spine1-Matrix-animation-input-array" count="106"><param name="TIME" type="float"/></accessor></technique_common></source><source id="Spine1-Matrix-animation-output-transform"><float_array id="Spine1-Matrix-animation-output-transform-array" count="1696">

0.999658 0.014673 0.021645 -0.031400 -0.013249 0.997830 -0.064501 11.044900 -0.022545 0.064192 0.997683 -0.697600 0.000000 0.000000 0.000000 1.000000
0.999448 0.020542 0.026098 -0.031400 -0.018704 0.997454 -0.068814 11.044900 -0.027445 0.068288 0.997288 -0.697600 0.000000 0.000000 0.000000 1.000000
0.999241 0.024528 0.030258 -0.031400 -0.022223 0.996991 -0.074266 11.044900 -0.031989 0.073537 0.996779 -0.697600 0.000000 0.000000 0.000000 1.000000
0.999248 0.020121 0.033154 -0.031400 -0.017260 0.996281 -0.084419 11.044900 -0.034729 0.083783 0.995879 -0.697600 0.000000 0.000000 0.000000 1.000000
