<?xml version="1.0" encoding="utf-8"?>
<COLLADA xmlns="http://www.collada.org/2005/11/COLLADASchema" version="1.4.1">
  <asset><contributor><author>Mixamo</author><authoring_tool>COLLADA Mixamo exporter</authoring_tool><comments></comments></contributor><created>2020-10-23T05:54:42Z</created><modified>2020-10-23T05:54:42Z</modified><revision></revision><title></title><unit meter="0.010000"/><up_axis>Y_UP</up_axis></asset>
  <library_animations>
    <animation id="Hips-anim" name="Hips"><source id="Hips-Matrix-animation-input"><float_array id="Hips-Matrix-animation-input-array" count="39">

0.000000 0.033333 0.066667 0.100000 0.133333 0.166667 0.200000 0.233333 0.266667 0.300000 0.333333 0.366667 0.400000 0.433333 0.466667 0.500000
0.533333 0.566667 0.600000 0.633333 0.666667 0.700000 0.733333 0.766667 0.800000 0.833333 0.866667 0.900000 0.933333 0.966667 1.000000 1.033333
1.066667 1.100000 1.133333 1.166667 1.200000 1.233333 1.266667</float_array><technique_common><accessor source="#Hips-Matrix-animation-input-array" count="39"><param name="TIME" type="float"/></accessor></technique_common></source><source id="Hips-Matrix-animation-output-transform"><float_array id="Hips-Matrix-animation-output-transform-array" count="624">

0.897468 -0.021874 -0.440537 -0.000002 -0.003859 0.998342 -0.057431 94.047066 0.441063 0.053243 0.895896 0.000002 0.000000 0.000000 0.000000 1.000000
0.907037 -0.014047 -0.420816 0.278344 -0.008340 0.998648 -0.051310 93.365326 0.420968 0.050050 0.905694 0.685335 0.000000 0.000000 0.000000 1.000000
0.911886 -0.007164 -0.410382 0.545266 -0.012882 0.998856 -0.046061 92.640884 0.410242 0.047289 0.910750 1.394438 0.000000 0.000000 0.000000 1.000000
0.915662 -0.000524 -0.401950 0.833207 -0.017087 0.999044 -0.040226 91.959366 0.401587 0.043702 0.914778 2.133608 0.000000 0.000000 0.000000 1.000000
0.920286 0.005040 -0.391213 1.161217 -0.019858 0.999230 -0.033840 91.446365 0.390741 0.038911 0.919678 2.812271 0.000000 0.000000 0.000000 1.000000
0.927098 0.008564 -0.374721 1.512946 -0.020025 0.999443 -0.026703 91.209694 0.374284 0.032260 0.926753 3.261252 0.000000 0.000000 0.000000 1.000000
0.935262 0.009089 -0.353838 1.867095 -0.016634 0.999694 -0.018286 91.281364 0.353564 0.022988 0.935128 3.284474 0.000000 0.000000 0.000000 1.000000
0.942343 0.005364 -0.334607 2.258686 -0.008997 0.999916 -0.009308 91.639374 0.334529 0.011782 0.942312 2.764283 0.000000 0.000000 0.000000 1.000000
0.946829 -0.003786 -0.321716 2.791412 0.003036 0.999991 -0.002832 92.228035 0.321724 0.001705 0.946832 1.755010 0.000000 0.000000 0.000000 1.000000
0.949864 -0.017688 -0.312162 3.552677 0.017746 0.999839 -0.002657 92.918961 0.312159 -0.003016 0.950025 0.490022 0.000000 0.000000 0.000000 1.000000
0.954004 -0.032441 -0.298035 4.501569 0.030905 0.999474 -0.009864 93.510017 0.298198 0.000199 0.954504 -0.704851 0.000000 0.000000 0.000000 1.000000
0.959615 -0.042796 -0.278043 5.465290 0.038278 0.999032 -0.021660 93.870384 0.278701 0.010143 0.960324 -1.543387 0.000000 0.000000 0.000000 1.000000
0.963601 -0.046197 -0.263322 6.271420 0.038447 0.998665 -0.034509 94.065254 0.264565 0.023129 0.964091 -1.890694 0.000000 0.000000 0.000000 1.000000
0.962556 -0.044417 -0.267420 6.881766 0.033094 0.998361 -0.046700 94.248001 0.269056 0.036101 0.962448 -1.766973 0.000000 0.000000 0.000000 1.000000
0.955533 -0.041661 -0.291928 7.380764 0.025904 0.998002 -0.057636 94.455284 0.293746 0.047510 0.954702 -1.254299 0.000000 0.000000 0.000000 1.000000
0.944426 -0.041406 -0.326107 7.850044 0.020503 0.997524 -0.067277 94.571579 0.328085 0.056852 0.942936 -0.440743 0.000000 0.000000 0.000000 1.000000
0.932430 -0.044191 -0.358639 8.289365 0.018032 0.996948 -0.075962 94.463158 0.360901 0.064362 0.930380 0.567807 0.000000 0.000000 0.000000 1.000000
0.921477 -0.047682 -0.385495 8.646086 0.016826 0.996405 -0.083027 94.099174 0.388068 0.070021 0.918967 1.659867 0.000000 0.000000 0.000000 1.000000
0.911567 -0.049106 -0.408209 8.879707 0.014781 0.996114 -0.086821 93.556206 0.410887 0.073109 0.908750 2.757507 0.000000 0.000000 0.000000 1.000000
0.901880 -0.048024 -0.429310 8.989805 0.011738 0.996159 -0.086775 92.951866 0.431828 0.073221 0.898979 3.817634 0.000000 0.000000 0.000000 1.000000
0.891355 -0.046312 -0.450934 9.002485 0.009237 0.996417 -0.084076 92.388443 0.453212 0.070776 0.888589 4.797155 0.000000 0.000000 0.000000 1.000000
0.878371 -0.045490 -0.475809 8.937586 0.008264 0.996757 -0.080039 91.940819 0.477907 0.066372 0.875899 5.625270 0.000000 0.000000 0.000000 1.000000
0.861201 -0.045346 -0.506238 8.778355 0.008157 0.997117 -0.075439 91.669167 0.508200 0.060839 0.859088 6.203012 0.000000 0.000000 0.000000 1.000000
0.839825 -0.045217 -0.540971 8.468717 0.007636 0.997410 -0.071514 91.616905 0.542804 0.055928 0.837995 6.414385 0.000000 0.000000 0.000000 1.000000
0.817152 -0.045203 -0.574647 7.949717 0.005913 0.997525 -0.070060 91.775879 0.576392 0.053852 0.815397 6.136440 0.000000 0.000000 0.000000 1.000000
0.797932 -0.045658 -0.601016 7.211198 0.002688 0.997387 -0.072200 92.080322 0.602742 0.055995 0.795969 5.251261 0.000000 0.000000 0.000000 1.000000
0.786341 -0.046064 -0.616073 6.308999 -0.002263 0.996995 -0.077434 92.497864 0.617789 0.062284 0.783874 3.695988 0.000000 0.000000 0.000000 1.000000
0.784655 -0.044998 -0.618298 5.317509 -0.008920 0.996439 -0.083839 93.104973 0.619869 0.071300 0.781459 1.553442 0.000000 0.000000 0.000000 1.000000
0.793524 -0.041823 -0.607100 4.269592 -0.015928 0.995866 -0.089424 93.975922 0.608330 0.080630 0.789578 -0.898961 0.000000 0.000000 0.000000 1.000000
0.811628 -0.038032 -0.582936 3.168656 -0.020392 0.995426 -0.093334 95.000473 0.583819 0.087640 0.807140 -3.242017 0.000000 0.000000 0.000000 1.000000
0.834143 -0.035544 -0.550401 2.061139 -0.020426 0.995246 -0.095228 95.903526 0.551169 0.090677 0.829452 -5.062791 0.000000 0.000000 0.000000 1.000000
0.853732 -0.034141 -0.519592 1.061097 -0.017644 0.995379 -0.094394 96.461945 0.520414 0.089755 0.849184 -6.117723 0.000000 0.000000 0.000000 1.000000
0.865189 -0.032762 -0.500374 0.284013 -0.014798 0.995761 -0.090785 96.639099 0.501227 0.085951 0.861036 -6.397941 0.000000 0.000000 0.000000 1.000000
0.869022 -0.032587 -0.493699 -0.226502 -0.011564 0.996218 -0.086111 96.558891 0.494639 0.080542 0.865359 -6.066864 0.000000 0.000000 0.000000 1.000000
0.870468 -0.035433 -0.490948 -0.499925 -0.006033 0.996563 -0.082621 96.374306 0.492188 0.074881 0.867262 -5.330813 0.000000 0.000000 0.000000 1.000000
0.874721 -0.039564 -0.483010 -0.586974 0.000631 0.996754 -0.080503 96.125076 0.484627 0.070113 0.871906 -4.340846 0.000000 0.000000 0.000000 1.000000
0.882511 -0.040399 -0.468553 -0.528318 0.004508 0.996984 -0.077471 95.751434 0.470270 0.066257 0.880032 -3.186315 0.000000 0.000000 0.000000 1.000000
0.890840 -0.035375 -0.452937 -0.364221 0.003318 0.997444 -0.071377 95.210922 0.454304 0.062083 0.888681 -1.926301 0.000000 0.000000 0.000000 1.000000
0.896423 -0.025181 -0.442484 -0.132850 -0.002317 0.998105 -0.061494 94.500542 0.443193 0.056150 0.894666 -0.608306 0.000000 0.000000 0.000000 1.000000</float_array><technique_common><accessor source="#Hips-Matrix-animation-output-transform-array" count="39" stride="16"><param type="float4x4"/></accessor></technique_common></source><source id="Hips-Interpolations"><Name_array id="Hips-Interpolations-array" count="39">
 LINEAR LINEAR LINEAR LINEAR LINEAR LINEAR LINEAR LINEAR LINEAR LINEAR LINEAR
LINEAR LINEAR LINEAR LINEAR LINEAR LINEAR LINEAR LINEAR LINEAR LINEAR LINEAR LINEAR
LINEAR LINEAR LINEAR LINEAR LINEAR LINEAR LINEAR LINEAR LINEAR LINEAR LINEAR LINEAR
LINEAR LINEAR LINEAR LINEAR</Name_array><technique_common><accessor source="#Hips-Interpolations-array" count="39"><param type="name"/></accessor></technique_common></source><sampler id="Hips-Matrix-animation-transform"><input semantic="INPUT" source="#Hips-Matrix-animation-input"/><input semantic="OUTPUT" source="#Hips-Matrix-animation-output-transform"/><input semantic="INTERPOLATION" source="#Hips-Interpolations"/></sampler><channel source="#Hips-Matrix-animation-transform" target="Hips/matrix"/></animation>
    <animation id="Spine-anim" name="Spine"><source id="Spine-Matrix-animation-input"><float_array id="Spine-Matrix-animation-input-array" count="39">

0.000000 0.033333 0.066667 0.100000 0.133333 0.166667 0.200000 0.233333 0.266667 0.300000 0.333333 0.366667 0.400000 0.433333 0.466667 0.500000
0.533333 0.566667 0.600000 0.633333 0.666667 0.700000 0.733333 0.766667 0.800000 0.833333 0.866667 0.900000 0.933333 0.966667 1.000000 1.033333
1.066667 1.100000 1.133333 1.166667 1.200000 1.233333 1.266667</float_array><technique_common><accessor source="#Spine-Matrix-animation-input-array" count="39"><param name="TIME" type="float"/></accessor></technique_common></source><source id="Spine-Matrix-animation-output-transform"><float_array id="Spine-Matrix-animation-output-transform-array" count="624">

0.994000 -0.096427 -0.051631 0.000000 0.072781 0.935451 -0.345882 5.245300 0.081651 0.340049 0.936856 0.258800 0.000000 0.000000 0.000000 1.000000
0.991066 -0.119453 -0.059317 -0.000000 0.092904 0.937427 -0.335559 5.245300 0.095689 0.327050 0.940150 0.258800 0.000000 0.000000 0.000000 1.000000
0.988271 -0.139892 -0.061249 -0.000000 0.113507 0.941197 -0.318220 5.245300 0.102164 0.307535 0.946036 0.258800 0.000000 0.000000 0.000000 1.000000
0.984883 -0.161500 -0.062634 0.000000 0.135829 0.944427 -0.299347 5.245300 0.107498 0.286315 0.952086 0.258800 0.000000 0.000000 0.000000 1.000000
0.980880 -0.183050 -0.066076 0.000000 0.157492 0.946092 -0.283029 5.245300 0.114322 0.267211 0.956833 0.258800 0.000000 0.000000 0.000000 1.000000
0.977139 -0.198962 -0.074928 0.000000 0.171561 0.946065 -0.274823 5.245300 0.125566 0.255686 0.958571 0.258800 0.000000 0.000000 0.000000 1.000000
0.975417 -0.201961 -0.088165 0.000000 0.170350 0.944851 -0.279708 5.245300 0.139793 0.257813 0.956029 0.258800 0.000000 0.000000 0.000000 1.000000
0.976759 -0.187947 -0.103046 0.000000 0.149783 0.942398 -0.299085 5.245300 0.153322 0.276699 0.948646 0.258800 0.000000 0.000000 0.000000 1.000000
0.979902 -0.161279 -0.117395 0.000000 0.114924 0.937450 -0.328604 5.245300 0.163049 0.308509 0.937143 0.258800 0.000000 0.000000 0.000000 1.000000
0.982132 -0.134065 -0.132075 0.000000 0.078365 0.929398 -0.360663 5.245300 0.171102 0.343869 0.923298 0.258800 0.000000 0.000000 0.000000 1.000000
0.981929 -0.118220 -0.147783 0.000000 0.053010 0.921440 -0.384888 5.245300 0.181674 0.370098 0.911055 0.258800 0.000000 0.000000 0.000000 1.000000
0.980137 -0.118070 -0.159346 0.000000 0.045704 0.916317 -0.397836 5.245300 0.192984 0.382651 0.903513 0.258800 0.000000 0.000000 0.000000 1.000000
0.978714 -0.128178 -0.160276 -0.000000 0.054786 0.915810 -0.397858 5.245300 0.197779 0.380608 0.903339 0.258800 0.000000 0.000000 0.000000 1.000000
0.979237 -0.136598 -0.149789 -0.000000 0.072021 0.925109 -0.372808 5.245300 0.189496 0.354279 0.915739 0.258800 0.000000 0.000000 0.000000 1.000000
0.981172 -0.143282 -0.129507 0.000000 0.092360 0.936994 -0.336915 5.245300 0.169621 0.318610 0.932586 0.258800 0.000000 0.000000 0.000000 1.000000
0.982771 -0.152222 -0.104833 0.000000 0.113592 0.944871 -0.307109 5.245300 0.145802 0.289909 0.945883 0.258800 0.000000 0.000000 0.000000 1.000000
0.983210 -0.163986 -0.080037 0.000000 0.133434 0.945305 -0.297648 5.245300 0.124470 0.281970 0.951315 0.258800 0.000000 0.000000 0.000000 1.000000
0.982761 -0.175537 -0.058026 -0.000000 0.150962 0.943106 -0.296244 5.245300 0.106726 0.282378 0.953348 0.258800 0.000000 0.000000 0.000000 1.000000
0.981713 -0.186184 -0.039677 -0.000000 0.166822 0.941811 -0.291825 5.245300 0.091701 0.279870 0.955648 0.258800 0.000000 0.000000 0.000000 1.000000
0.980179 -0.196604 -0.024400 0.000000 0.181574 0.940777 -0.286302 5.245300 0.079243 0.276197 0.957829 0.258800 0.000000 0.000000 0.000000 1.000000
0.978148 -0.207610 -0.011153 0.000000 0.196356 0.940093 -0.278694 5.245300 0.068344 0.270414 0.960315 0.258800 0.000000 0.000000 0.000000 1.000000
0.975644 -0.219343 0.002787 0.000000 0.211700 0.938167 -0.273908 5.245300 0.057465 0.267827 0.961752 0.258800 0.000000 0.000000 0.000000 1.000000
0.973613 -0.227171 0.021691 0.000000 0.224017 0.933298 -0.280661 5.245300 0.043514 0.278115 0.959562 0.258800 0.000000 0.000000 0.000000 1.000000
0.973209 -0.225762 0.043538 0.000000 0.228640 0.930304 -0.286807 5.245300 0.024247 0.289078 0.956998 0.258800 0.000000 0.000000 0.000000 1.000000
0.974370 -0.214919 0.066423 -0.000000 0.224944 0.928779 -0.294568 5.245300 0.001616 0.301960 0.953319 0.258800 0.000000 0.000000 0.000000 1.000000
0.976936 -0.195540 0.085791 -0.000000 0.212600 0.928226 -0.305283 5.245300 -0.019938 0.316481 0.948389 0.258800 0.000000 0.000000 0.000000 1.000000
0.980459 -0.170593 0.097968 0.000000 0.193383 0.927166 -0.320884 5.245300 -0.036092 0.333559 0.942038 0.258800 0.000000 0.000000 0.000000 1.000000
0.984522 -0.143865 0.100101 0.000000 0.169872 0.923853 -0.342984 5.245300 -0.043135 0.354680 0.933992 0.258800 0.000000 0.000000 0.000000 1.000000
0.988986 -0.117454 0.090059 0.000000 0.142627 0.918865 -0.367893 5.245300 -0.039541 0.376686 0.925497 0.258800 0.000000 0.000000 0.000000 1.000000
0.993381 -0.092990 0.067434 0.000000 0.112032 0.913964 -0.390025 5.245300 -0.025364 0.394998 0.918332 0.258800 0.000000 0.000000 0.000000 1.000000
0.996688 -0.072115 0.037584 0.000000 0.081144 0.912447 -0.401069 5.245300 -0.005370 0.402790 0.915277 0.258800 0.000000 0.000000 0.000000 1.000000
0.998464 -0.054708 0.008775 -0.000000 0.053557 0.912342 -0.405911 5.245300 0.014201 0.405757 0.913871 0.258800 0.000000 0.000000 0.000000 1.000000
0.999170 -0.039117 -0.011328 0.000000 0.031032 0.911455 -0.410229 5.245300 0.026372 0.409537 0.911912 0.258800 0.000000 0.000000 0.000000 1.000000
0.999358 -0.028974 -0.021093 -0.000000 0.017905 0.913487 -0.406474 5.245300 0.031045 0.405835 0.913419 0.258800 0.000000 0.000000 0.000000 1.000000
0.999352 -0.024049 -0.026765 0.000000 0.011424 0.917414 -0.397770 5.245300 0.034121 0.397206 0.917095 0.258800 0.000000 0.000000 0.000000 1.000000
0.999057 -0.027577 -0.033522 0.000000 0.012538 0.922673 -0.385379 5.245300 0.041557 0.384596 0.922149 0.258800 0.000000 0.000000 0.000000 1.000000
0.998261 -0.041625 -0.041742 0.000000 0.023118 0.927808 -0.372342 5.245300 0.054228 0.370729 0.927156 0.258800 0.000000 0.000000 0.000000 1.000000
0.996772 -0.063612 -0.048980 0.000000 0.041710 0.931603 -0.361077 5.245300 0.068599 0.357869 0.931249 0.258800 0.000000 0.000000 0.000000 1.000000
0.994749 -0.088371 -0.051628 0.000000 0.064636 0.933554 -0.352562 5.245300 0.079353 0.347374 0.934363 0.258800 0.000000 0.000000 0.000000 1.000000</float_array><technique_common><accessor source="#Spine-Matrix-animation-output-transform-array" count="39" stride="16"><param type="float4x4"/></accessor></technique_common></source><source id="Spine-Interpolations"><Name_array id="Spine-Interpolations-array" count="39">
 LINEAR LINEAR LINEAR LINEAR LINEAR LINEAR LINEAR LINEAR LINEAR LINEAR LINEAR
LINEAR LINEAR LINEAR LINEAR LINEAR LINEAR LINEAR LINEAR LINEAR LINEAR LINEAR LINEAR
LINEAR LINEAR LINEAR LINEAR LINEAR LINEAR LINEAR LINEAR LINEAR LINEAR LINEAR LINEAR
LINEAR LINEAR LINEAR LINEAR</Name_array><technique_common><accessor source="#Spine-Interpolations-array" count="39"><param type="name"/></accessor></technique_common></source><sampler id="Spine-Matrix-animation-transform"><input semantic="INPUT" source="#Spine-Matrix-animation-input"/><input semantic="OUTPUT" source="#Spine-Matrix-animation-output-transform"/><input semantic="INTERPOLATION" source="#Spine-Interpolations"/></sampler><channel source="#Spine-Matrix-animation-transform" target="Spine/matrix"/></animation>
    <animation id="Spine1-anim" name="Spine1"><source id="Spine1-Matrix-animation-input"><float_array id="Spine1-Matrix-animation-input-array" count="39">

0.000000 0.033333 0.066667 0.100000 0.133333 0.166667 0.200000 0.233333 0.266667 0.300000 0.333333 0.366667 0.400000 0.433333 0.466667 0.500000
0.533333 0.566667 0.600000 0.633333 0.666667 0.700000 0.733333 0.766667 0.800000 0.833333 0.866667 0.900000 0.933333 0.966667 1.000000 1.033333
1.066667 1.100000 1.133333 1.166667 1.200000 1.233333 1.266667</float_array><technique_common><accessor source="#Spine1-Matrix-animation-input-array" count="39"><param name="TIME" type="float"/></accessor></technique_common></source><source id="Spine1-Matrix-animation-output-transform"><float_array id="Spine1-Matrix-animation-output-transform-array" count="624">

0.999794 -0.001808 -0.020219 -0.031400 -0.000139 0.995392 -0.095884 11.044900 0.020300 0.095867 0.995187 -0.697600 0.000000 0.000000 0.000000 1.000000
0.999654 0.000471 -0.026284 -0.031400 -0.003128 0.994866 -0.101152 11.044900 0.026102 0.101199 0.994524 -0.697600 0.000000 0.000000 0.000000 1.000000
0.999536 0.003257 -0.030298 -0.031400 -0.006487 0.994225 -0.107119 11.044900 0.029774 0.107265 0.993784 -0.697600 0.000000 0.000000 0.000000 1.000000
0.999402 0.006434 -0.033969 -0.031400 -0.010228 0.993573 -0.112728 11.044900 0.033025 0.113008 0.993045 -0.697600 0.000000 0.000000 0.000000 1.000000
0.999226 0.009401 -0.038190 -0.031400 -0.013806 0.993060 -0.116795 11.044900 0.036827 0.117232 0.992422 -0.697600 0.000000 0.000000 0.000000 1.000000
0.998987 0.011504 -0.043504 -0.031400 -0.016603 0.992787 -0.118736 11.044900 0.041824 0.119338 0.991972 -0.697600 0.000000 0.000000 0.000000 1.000000
0.998659 0.011953 -0.050368 -0.031400 -0.017845 0.992828 -0.118213 11.044900 0.048594 0.118953 0.991710 -0.697600 0.000000 0.000000 0.000000 1.000000
0.998300 0.009975 -0.057430 -0.031400 -0.016554 0.993199 -0.115247 11.044900 0.055890 0.116002 0.991675 -0.697600 0.000000 0.000000 0.000000 1.000000
0.997965 0.006330 -0.063447 -0.031400 -0.013312 0.993816 -0.110243 11.044900 0.062356 0.110863 0.991878 -0.697600 0.000000 0.000000 0.000000 1.000000
0.997632 0.002633 -0.068731 -0.031400 -0.009737 0.994610 -0.103233 11.044900 0.068088 0.103658 0.992280 -0.697600 0.000000 0.000000 0.000000 1.000000
0.997235 -0.000667 -0.074307 -0.031400 -0.006590 0.995226 -0.097375 11.044900 0.074017 0.097596 0.992470 -0.697600 0.000000 0.000000 0.000000 1.000000
0.996779 -0.003563 -0.080114 -0.031400 -0.003917 0.995656 -0.093023 11.044900 0.080098 0.093037 0.992436 -0.697600 0.000000 0.000000 0.000000 1.000000
0.996464 -0.004771 -0.083888 -0.031400 -0.002992 0.995738 -0.092182 11.044900 0.083970 0.092107 0.992202 -0.697600 0.000000 0.000000 0.000000 1.000000
0.996579 -0.004876 -0.082507 -0.031400 -0.004186 0.993999 -0.109306 11.044900 0.082545 0.109277 0.990578 -0.697600 0.000000 0.000000 0.000000 1.000000
0.996985 -0.003927 -0.077496 -0.031400 -0.006483 0.991011 -0.133622 11.044900 0.077324 0.133722 0.987998 -0.697600 0.000000 0.000000 0.000000 1.000000
0.997404 -0.001978 -0.071976 -0.031400 -0.008891 0.988591 -0.150365 11.044900 0.071452 0.150615 0.986007 -0.697600 0.000000 0.000000 0.000000 1.000000
0.997699 -0.000126 -0.067804 -0.031400 -0.009790 0.989252 -0.145894 11.044900 0.067093 0.146222 0.986974 -0.697600 0.000000 0.000000 0.000000 1.000000
0.997884 0.000725 -0.065008 -0.031400 -0.009304 0.991238 -0.131760 11.044900 0.064343 0.132086 0.989148 -0.697600 0.000000 0.000000 0.000000 1.000000
0.998012 0.000930 -0.063025 -0.031400 -0.008495 0.992752 -0.119884 11.044900 0.062457 0.120181 0.990785 -0.697600 0.000000 0.000000 0.000000 1.000000
0.998128 0.001498 -0.061142 -0.031400 -0.008250 0.993860 -0.110340 11.044900 0.060601 0.110638 0.992011 -0.697600 0.000000 0.000000 0.000000 1.000000
0.998248 0.004244 -0.059020 -0.031400 -0.010445 0.994401 -0.105159 11.044900 0.058243 0.105591 0.992702 -0.697600 0.000000 0.000000 0.000000 1.000000
0.998355 0.010034 -0.056450 -0.031400 -0.015731 0.994722 -0.101394 11.044900 0.055135 0.102116 0.993243 -0.697600 0.000000 0.000000 0.000000 1.000000
0.998539 0.015867 -0.051650 -0.031400 -0.020607 0.995494 -0.092562 11.044900 0.049949 0.093491 0.994366 -0.697600 0.000000 0.000000 0.000000 1.000000
0.998912 0.018539 -0.042780 -0.031400 -0.022324 0.995712 -0.089773 11.044900 0.040933 0.090630 0.995043 -0.697600 0.000000 0.000000 0.000000 1.000000
0.999328 0.018961 -0.031383 -0.031400 -0.021685 0.995808 -0.088864 11.044900 0.029567 0.089485 0.995549 -0.697600 0.000000 0.000000 0.000000 1.000000
0.999661 0.017405 -0.019340 -0.031400 -0.019041 0.995942 -0.087958 11.044900 0.017730 0.088296 0.995936 -0.697600 0.000000 0.000000 0.000000 1.000000
0.999865 0.014106 -0.008460 -0.031400 -0.014789 0.996103 -0.086949 11.044900 0.007201 0.087062 0.996177 -0.697600 0.000000 0.000000 0.000000 1.000000
0.999952 0.009751 0.000010 -0.031400 -0.009714 0.996233 -0.086169 11.044900 -0.000850 0.086165 0.996281 -0.697600 0.000000 0.000000 0.000000 1.000000
0.999974 0.005166 0.005088 -0.031400 -0.004703 0.996182 -0.087176 11.044900 -0.005519 0.087150 0.996180 -0.697600 0.000000 0.000000 0.000000 1.000000
0.999979 0.001930 0.006140 -0.031400 -0.001376 0.996036 -0.088940 11.044900 -0.006288 0.088929 0.996018 -0.697600 0.000000 0.000000 0.000000 1.000000
0.999995 0.000570 0.003135 -0.031400 -0.000275 0.995626 -0.093424 11.044900 -0.003175 0.093423 0.995621 -0.697600 0.000000 0.000000 0.000000 1.000000
0.999999 -0.000285 -0.001494 -0.031400 0.000141 0.995440 -0.095395 11.044900 0.001514 0.095394 0.995438 -0.697600 0.000000 0.000000 0.000000 1.000000
0.999985 -0.003090 -0.004429 -0.031400 0.002671 0.995772 -0.091819 11.044900 0.004694 0.091806 0.995766 -0.697600 0.000000 0.000000 0.000000 1.000000
0.999975 -0.003852 -0.005938 -0.031400 0.003293 0.995800 -0.091495 11.044900 0.006266 0.091473 0.995788 -0.697600 0.000000 0.000000 0.000000 1.000000
0.999970 -0.003267 -0.007060 -0.031400 0.002604 0.995764 -0.091905 11.044900 0.007330 0.091883 0.995743 -0.697600 0.000000 0.000000 0.000000 1.000000
0.999952 -0.001917 -0.009568 -0.031400 0.001020 0.995677 -0.092875 11.044900 0.009704 0.092861 0.995632 -0.697600 0.000000 0.000000 0.000000 1.000000
0.999908 -0.000928 -0.013554 -0.031400 -0.000349 0.995581 -0.093909 11.044900 0.013581 0.093905 0.995489 -0.697600 0.000000 0.000000 0.000000 1.000000
0.999849 -0.000876 -0.017358 -0.031400 -0.000775 0.995487 -0.094890 11.044900 0.017363 0.094889 0.995336 -0.697600 0.000000 0.000000 0.000000 1.000000
0.999804 -0.001667 -0.019750 -0.031400 -0.000230 0.995414 -0.095664 11.044900 0.019819 0.095650 0.995218 -0.697600 0.000000 0.000000 0.000000 1.000000</float_array><technique_common><accessor source="#Spine1-Matrix-animation-output-transform-array" count="39" stride="16"><param type="float4x4"/></accessor></technique_common></source><source id="Spine1-Interpolations"><Name_array id="Spine1-Interpolations-array" count="39">
 LINEAR LINEAR LINEAR LINEAR LINEAR LINEAR LINEAR LINEAR LINEAR LINEAR LINEAR
LINEAR LINEAR LINEAR LINEAR LINEAR LINEAR LINEAR LINEAR LINEAR LINEAR LINEAR LINEAR
LINEAR LINEAR LINEAR LINEAR LINEAR LINEAR LINEAR LINEAR LINEAR LINEAR LINEAR LINEAR
LINEAR LINEAR LINEAR LINEAR</Name_array><technique_common><accessor source="#Spine1-Interpolations-array" count="39"><param type="name"/></accessor></technique_common></source><sampler id="Spine1-Matrix-animation-transform"><input semantic="INPUT" source="#Spine1-Matrix-animation-input"/><input semantic="OUTPUT" source="#Spine1-Matrix-animation-output-transform"/><input semantic="INTERPOLATION" source="#Spine1-Interpolations"/></sampler><channel source="#Spine1-Matrix-animation-transform" target="Spine1/matrix"/></animation>
    <animation id="Spine2-anim" name="Spine2"><source id="Spine2-Matrix-animation-input"><float_array id="Spine2-Matrix-animation-input-array" count="39">

0.000000 0.033333 0.066667 0.100000 0.133333 0.166667 0.200000 0.233333 0.266667 0.300000 0.333333 0.366667 0.400000 0.433333 0.466667 0.500000
0.533333 0.566667 0.600000 0.633333 0.666667 0.700000 0.733333 0.766667 0.800000 0.833333 0.866667 0.900000 0.933333 0.966667 1.000000 1.033333
1.066667 1.100000 1.133333 1.166667 1.200000 1.233333 1.266667</float_array><technique_common><accessor source="#Spine2-Matrix-animation-input-array" count="39"><param name="TIME" type="float"/></accessor></technique_common></source><source id="Spine2-Matrix-animation-output-transform"><float_array id="Spine2-Matrix-animation-output-transform-array" count="624">

0.999506 -0.029745 0.010124 -0.035900 0.029784 0.999549 -0.003746 8.068900 -0.010008 0.004046 0.999942 -1.087700 0.000000 0.000000 0.000000 1.000000
0.999629 -0.026999 0.003730 -0.035900 0.027031 0.999593 -0.009070 8.068900 -0.003484 0.009168 0.999952 -1.087700 0.000000 0.000000 0.000000 1.000000
0.999714 -0.023885 -0.000693 -0.035900 0.023872 0.999602 -0.015007 8.068900 0.001051 0.014986 0.999887 -1.087700 0.000000 0.000000 0.000000 1.000000
0.999781 -0.020409 -0.004670 -0.035900 0.020308 0.999581 -0.020602 8.068900 0.005089 0.020503 0.999777 -1.087700 0.000000 0.000000 0.000000 1.000000
0.999811 -0.017182 -0.009119 -0.035900 0.016952 0.999552 -0.024660 8.068900 0.009538 0.024501 0.999654 -1.087700 0.000000 0.000000 0.000000 1.000000
0.999781 -0.014993 -0.014567 -0.035900 0.014602 0.999540 -0.026596 8.068900 0.014959 0.026377 0.999540 -1.087700 0.000000 0.000000 0.000000 1.000000
0.999664 -0.014555 -0.021427 -0.035900 0.013995 0.999562 -0.026071 8.068900 0.021797 0.025763 0.999430 -1.087700 0.000000 0.000000 0.000000 1.000000
0.999460 -0.016819 -0.028245 -0.035900 0.016167 0.999601 -0.023145 8.068900 0.028623 0.022676 0.999333 -1.087700 0.000000 0.000000 0.000000 1.000000
0.999210 -0.021033 -0.033717 -0.035900 0.020425 0.999625 -0.018261 8.068900 0.034089 0.017558 0.999265 -1.087700 0.000000 0.000000 0.000000 1.000000
0.998950 -0.025461 -0.038077 -0.035900 0.025041 0.999621 -0.011471 8.068900 0.038354 0.010505 0.999209 -1.087700 0.000000 0.000000 0.000000 1.000000
0.998646 -0.029790 -0.042656 -0.035900 0.029566 0.999546 -0.005865 8.068900 0.042812 0.004596 0.999073 -1.087700 0.000000 0.000000 0.000000 1.000000
0.998270 -0.034158 -0.047863 -0.035900 0.034118 0.999416 -0.001650 8.068900 0.047891 0.000014 0.998853 -1.087700 0.000000 0.000000 0.000000 1.000000
0.998006 -0.036994 -0.051149 -0.035900 0.036996 0.999315 -0.000907 8.068900 0.051147 -0.000987 0.998691 -1.087700 0.000000 0.000000 0.000000 1.000000
0.998070 -0.037241 -0.049701 -0.035900 0.036386 0.999176 -0.017990 8.068900 0.050330 0.016146 0.998602 -1.087700 0.000000 0.000000 0.000000 1.000000
0.998368 -0.035379 -0.044839 -0.035900 0.033487 0.998546 -0.042253 8.068900 0.046268 0.040683 0.998100 -1.087700 0.000000 0.000000 0.000000 1.000000
0.998695 -0.032504 -0.039397 -0.035900 0.030143 0.997797 -0.059103 8.068900 0.041232 0.057838 0.997474 -1.087700 0.000000 0.000000 0.000000 1.000000
0.998911 -0.030568 -0.035249 -0.035900 0.028607 0.998084 -0.054858 8.068900 0.036858 0.053790 0.997872 -1.087700 0.000000 0.000000 0.000000 1.000000
0.999034 -0.029370 -0.032674 -0.035900 0.028020 0.998765 -0.041022 8.068900 0.033838 0.040067 0.998624 -1.087700 0.000000 0.000000 0.000000 1.000000
0.999119 -0.028156 -0.031106 -0.035900 0.027238 0.999192 -0.029541 8.068900 0.031913 0.028668 0.999079 -1.087700 0.000000 0.000000 0.000000 1.000000
0.999208 -0.026549 -0.029635 -0.035900 0.025952 0.999456 -0.020364 8.068900 0.030160 0.019579 0.999353 -1.087700 0.000000 0.000000 0.000000 1.000000
0.999341 -0.023277 -0.027860 -0.035900 0.022853 0.999620 -0.015418 8.068900 0.028208 0.014771 0.999493 -1.087700 0.000000 0.000000 0.000000 1.000000
0.999519 -0.017453 -0.025644 -0.035900 0.017158 0.999785 -0.011675 8.068900 0.025843 0.011229 0.999603 -1.087700 0.000000 0.000000 0.000000 1.000000
0.999709 -0.011941 -0.020945 -0.035900 0.011890 0.999926 -0.002541 8.068900 0.020974 0.002291 0.999777 -1.087700 0.000000 0.000000 0.000000 1.000000
0.999883 -0.009378 -0.012068 -0.035900 0.009389 0.999956 0.000908 8.068900 0.012059 -0.001021 0.999927 -1.087700 0.000000 0.000000 0.000000 1.000000
0.999958 -0.009099 -0.001095 -0.035900 0.009102 0.999954 0.002942 8.068900 0.001068 -0.002952 0.999995 -1.087700 0.000000 0.000000 0.000000 1.000000
0.999889 -0.010956 0.010100 -0.035900 0.010903 0.999926 0.005317 8.068900 -0.010158 -0.005206 0.999935 -1.087700 0.000000 0.000000 0.000000 1.000000
0.999694 -0.014541 0.019994 -0.035900 0.014398 0.999870 0.007258 8.068900 -0.020097 -0.006968 0.999774 -1.087700 0.000000 0.000000 0.000000 1.000000
0.999434 -0.019130 0.027664 -0.035900 0.018904 0.999786 0.008414 8.068900 -0.027819 -0.007886 0.999582 -1.087700 0.000000 0.000000 0.000000 1.000000
0.999198 -0.023835 0.032165 -0.035900 0.023613 0.999695 0.007258 8.068900 -0.032328 -0.006492 0.999456 -1.087700 0.000000 0.000000 0.000000 1.000000
0.999072 -0.027217 0.033371 -0.035900 0.027062 0.999621 0.005064 8.068900 -0.033497 -0.004157 0.999430 -1.087700 0.000000 0.000000 0.000000 1.000000
0.999098 -0.028502 0.031476 -0.035900 0.028520 0.999593 -0.000114 8.068900 -0.031460 0.001011 0.999504 -1.087700 0.000000 0.000000 0.000000 1.000000
0.999156 -0.028829 0.029263 -0.035900 0.028918 0.999578 -0.002614 8.068900 -0.029175 0.003458 0.999568 -1.087700 0.000000 0.000000 0.000000 1.000000
0.999121 -0.031032 0.028188 -0.035900 0.031018 0.999518 0.000930 8.068900 -0.028203 -0.000055 0.999602 -1.087700 0.000000 0.000000 0.000000 1.000000
0.999115 -0.031725 0.027627 -0.035900 0.031704 0.999497 0.001194 8.068900 -0.027651 -0.000317 0.999618 -1.087700 0.000000 0.000000 0.000000 1.000000
0.999157 -0.031233 0.026631 -0.035900 0.031225 0.999512 0.000701 8.068900 -0.026639 0.000131 0.999645 -1.087700 0.000000 0.000000 0.000000 1.000000
0.999273 -0.029929 0.023610 -0.035900 0.029946 0.999551 -0.000399 8.068900 -0.023587 0.001105 0.999721 -1.087700 0.000000 0.000000 0.000000 1.000000
0.999408 -0.028875 0.018697 -0.035900 0.028910 0.999581 -0.001576 8.068900 -0.018643 0.002116 0.999824 -1.087700 0.000000 0.000000 0.000000 1.000000
0.999488 -0.028864 0.013836 -0.035900 0.028903 0.999579 -0.002658 8.068900 -0.013754 0.003057 0.999901 -1.087700 0.000000 0.000000 0.000000 1.000000
0.999506 -0.029568 0.010685 -0.035900 0.029606 0.999556 -0.003497 8.068900 -0.010577 0.003812 0.999937 -1.087700 0.000000 0.000000 0.000000 1.000000</float_array><technique_common><accessor source="#Spine2-Matrix-animation-output-transform-array" count="39" stride="16"><param type="float4x4"/></accessor></technique_common></source><source id="Spine2-Interpolations"><Name_array id="Spine2-Interpolations-array" count="39">
 LINEAR LINEAR LINEAR LINEAR LINEAR LINEAR LINEAR LINEAR LINEAR LINEAR LINEAR
LINEAR LINEAR LINEAR LINEAR LINEAR LINEAR LINEAR LINEAR LINEAR LINEAR LINEAR LINEAR
LINEAR LINEAR LINEAR LINEAR LINEAR LINEAR LINEAR LINEAR LINEAR LINEAR LINEAR LINEAR
LINEAR LINEAR LINEAR LINEAR</Name_array><technique_common><accessor source="#Spine2-Interpolations-array" count="39"><param type="name"/></accessor></technique_common></source><sampler id="Spine2-Matrix-animation-transform"><input semantic="INPUT" source="#Spine2-Matrix-animation-input"/><input semantic="OUTPUT" source="#Spine2-Matrix-animation-output-transform"/><input semantic="INTERPOLATION" source="#Spine2-Interpolations"/></sampler><channel source="#Spine2-Matrix-animation-transform" target="Spine2/matrix"/></animation>
    <animation id="Neck-anim" name="Neck"><source id="Neck-Matrix-animation-input"><float_array id="Neck-Matrix-animation-input-array" count="39">

0.000000 0.033333 0.066667 0.100000 0.133333 0.166667 0.200000 0.233333 0.266667 0.300000 0.333333 0.366667 0.400000 0.433333 0.466667 0.500000
0.533333 0.566667 0.600000 0.633333 0.666667 0.700000 0.733333 0.766667 0.800000 0.833333 0.866667 0.900000 0.933333 0.966667 1.000000 1.033333
1.066667 1.100000 1.133333 1.166667 1.200000 1.233333 1.266667</float_array><technique_common><accessor source="#Neck-Matrix-animation-input-array" count="39"><param name="TIME" type="float"/></accessor></technique_common></source><source id="Neck-Matrix-animation-output-transform"><float_array id="Neck-Matrix-animation-output-transform-array" count="624">

0.990407 0.122663 0.063624 -0.040300 -0.136517 0.939829 0.313183 18.919500 -0.021379 -0.318864 0.947559 -3.736100 0.000000 0.000000 0.000000 1.000000
0.990480 0.121035 0.065569 -0.040300 -0.135585 0.940080 0.312836 18.919500 -0.023776 -0.318748 0.947541 -3.736100 0.000000 0.000000 0.000000 1.000000
0.990152 0.122707 0.067401 -0.040300 -0.137658 0.941015 0.309097 18.919500 -0.025497 -0.315331 0.948639 -3.736100 0.000000 0.000000 0.000000 1.000000
0.989599 0.125079 0.071062 -0.040300 -0.140923 0.942123 0.304211 18.919500 -0.028898 -0.311061 0.949950 -3.736100 0.000000 0.000000 0.000000 1.000000
0.988999 0.128144 0.073893 -0.040300 -0.144588 0.942914 0.300012 18.919500 -0.031230 -0.307396 0.951069 -3.736100 0.000000 0.000000 0.000000 1.000000
0.988597 0.129727 0.076460 -0.040300 -0.146809 0.943295 0.297729 18.919500 -0.033501 -0.305559 0.951584 -3.736100 0.000000 0.000000 0.000000 1.000000
0.988707 0.128689 0.076794 -0.040300 -0.145910 0.943524 0.297444 18.919500 -0.034180 -0.305290 0.951646 -3.736100 0.000000 0.000000 0.000000 1.000000
0.989357 0.125156 0.074219 -0.040300 -0.141769 0.943995 0.297951 18.919500 -0.032772 -0.305302 0.951692 -3.736100 0.000000 0.000000 0.000000 1.000000
0.990283 0.120107 0.070094 -0.040300 -0.135722 0.944578 0.298918 18.919500 -0.030307 -0.305527 0.951701 -3.736100 0.000000 0.000000 0.000000 1.000000
0.991208 0.115145 0.065178 -0.040300 -0.129565 0.944553 0.301715 18.919500 -0.026823 -0.307507 0.951168 -3.736100 0.000000 0.000000 0.000000 1.000000
0.991854 0.111691 0.061249 -0.040300 -0.125269 0.942472 0.309927 18.919500 -0.023110 -0.315075 0.948785 -3.736100 0.000000 0.000000 0.000000 1.000000
0.992038 0.110446 0.060511 -0.040300 -0.124137 0.938511 0.322159 18.919500 -0.021209 -0.327106 0.944750 -3.736100 0.000000 0.000000 0.000000 1.000000
0.991825 0.111530 0.062003 -0.040300 -0.126081 0.931400 0.341463 18.919500 -0.019666 -0.346489 0.937848 -3.736100 0.000000 0.000000 0.000000 1.000000
0.993268 0.101420 0.055977 -0.040300 -0.114749 0.927633 0.355429 18.919500 -0.015879 -0.359459 0.933026 -3.736100 0.000000 0.000000 0.000000 1.000000
0.993260 0.102153 0.054759 -0.040300 -0.115297 0.919148 0.376660 18.919500 -0.011855 -0.380435 0.924731 -3.736100 0.000000 0.000000 0.000000 1.000000
0.992336 0.109128 0.057967 -0.040300 -0.123226 0.908839 0.398531 18.919500 -0.009192 -0.402620 0.915321 -3.736100 0.000000 0.000000 0.000000 1.000000
0.991103 0.117581 0.062363 -0.040300 -0.132804 0.904645 0.404945 18.919500 -0.008802 -0.409624 0.912212 -3.736100 0.000000 0.000000 0.000000 1.000000
0.990439 0.121683 0.064987 -0.040300 -0.137584 0.905627 0.401137 18.919500 -0.010043 -0.406243 0.913710 -3.736100 0.000000 0.000000 0.000000 1.000000
0.990569 0.120500 0.065210 -0.040300 -0.136477 0.909837 0.391882 18.919500 -0.012108 -0.397086 0.917702 -3.736100 0.000000 0.000000 0.000000 1.000000
0.991003 0.117513 0.064053 -0.040300 -0.133022 0.917556 0.374695 18.919500 -0.014741 -0.379845 0.924933 -3.736100 0.000000 0.000000 0.000000 1.000000
0.991165 0.116257 0.063841 -0.040300 -0.131467 0.924826 0.356949 18.919500 -0.017544 -0.362189 0.931940 -3.736100 0.000000 0.000000 0.000000 1.000000
0.990370 0.120978 0.067322 -0.040300 -0.136807 0.929796 0.341705 18.919500 -0.021257 -0.347625 0.937393 -3.736100 0.000000 0.000000 0.000000 1.000000
0.987678 0.137488 0.074758 -0.040300 -0.154429 0.933653 0.323178 18.919500 -0.025365 -0.330740 0.943381 -3.736100 0.000000 0.000000 0.000000 1.000000
0.982620 0.165218 0.084620 -0.040300 -0.183570 0.932576 0.310811 18.919500 -0.027562 -0.320943 0.946697 -3.736100 0.000000 0.000000 0.000000 1.000000
0.981595 0.170482 0.086068 -0.040300 -0.189031 0.931492 0.310788 18.919500 -0.027188 -0.321338 0.946574 -3.736100 0.000000 0.000000 0.000000 1.000000
0.980536 0.175448 0.088127 -0.040300 -0.194379 0.930714 0.309821 18.919500 -0.027664 -0.320921 0.946702 -3.736100 0.000000 0.000000 0.000000 1.000000
0.979525 0.180298 0.089569 -0.040300 -0.199453 0.929569 0.310033 18.919500 -0.027362 -0.321550 0.946497 -3.736100 0.000000 0.000000 0.000000 1.000000
0.978787 0.183300 0.091530 -0.040300 -0.202974 0.928348 0.311402 18.919500 -0.027892 -0.323375 0.945860 -3.736100 0.000000 0.000000 0.000000 1.000000
0.979146 0.181975 0.090328 -0.040300 -0.201420 0.927598 0.314631 18.919500 -0.026533 -0.326264 0.944906 -3.736100 0.000000 0.000000 0.000000 1.000000
0.981288 0.172376 0.085792 -0.040300 -0.190908 0.929009 0.317013 18.919500 -0.025057 -0.327459 0.944533 -3.736100 0.000000 0.000000 0.000000 1.000000
0.984707 0.157357 0.074767 -0.040300 -0.173200 0.930508 0.322733 18.919500 -0.018787 -0.330747 0.943532 -3.736100 0.000000 0.000000 0.000000 1.000000
0.987918 0.141248 0.063775 -0.040300 -0.154404 0.932447 0.326654 18.919500 -0.013328 -0.332554 0.942990 -3.736100 0.000000 0.000000 0.000000 1.000000
0.989742 0.131499 0.055853 -0.040300 -0.142549 0.935088 0.324484 18.919500 -0.009558 -0.329117 0.944241 -3.736100 0.000000 0.000000 0.000000 1.000000
0.990711 0.125763 0.051727 -0.040300 -0.135774 0.935999 0.324762 18.919500 -0.007573 -0.328769 0.944380 -3.736100 0.000000 0.000000 0.000000 1.000000
0.991033 0.123685 0.050558 -0.040300 -0.133419 0.936692 0.323739 18.919500 -0.007316 -0.327581 0.944795 -3.736100 0.000000 0.000000 0.000000 1.000000
0.991073 0.122495 0.052615 -0.040300 -0.132952 0.937320 0.322111 18.919500 -0.009860 -0.326231 0.945239 -3.736100 0.000000 0.000000 0.000000 1.000000
0.990971 0.121853 0.055936 -0.040300 -0.133403 0.937889 0.320261 18.919500 -0.013437 -0.324831 0.945677 -3.736100 0.000000 0.000000 0.000000 1.000000
0.990707 0.122199 0.059726 -0.040300 -0.134921 0.938489 0.317860 18.919500 -0.017210 -0.322964 0.946255 -3.736100 0.000000 0.000000 0.000000 1.000000
0.990337 0.123452 0.063187 -0.040300 -0.137156 0.939298 0.314497 18.919500 -0.020527 -0.320124 0.947153 -3.736100 0.000000 0.000000 0.000000 1.000000</float_array><technique_common><accessor source="#Neck-Matrix-animation-output-transform-array" count="39" stride="16"><param type="float4x4"/></accessor></technique_common></source><source id="Neck-Interpolations"><Name_array id="Neck-Interpolations-array" count="39">
 LINEAR LINEAR LINEAR LINEAR LINEAR LINEAR LINEAR LINEAR LINEAR LINEAR LINEAR
LINEAR LINEAR LINEAR LINEAR LINEAR LINEAR LINEAR LINEAR LINEAR LINEAR LINEAR LINEAR
LINEAR LINEAR LINEAR LINEAR LINEAR LINEAR LINEAR LINEAR LINEAR LINEAR LINEAR LINEAR
LINEAR LINEAR LINEAR LINEAR</Name_array><technique_common><accessor source="#Neck-Interpolations-array" count="39"><param type="name"/></accessor></technique_common></source><sampler id="Neck-Matrix-animation-transform"><input semantic="INPUT" source="#Neck-Matrix-animation-input"/><input semantic="OUTPUT" source="#Neck-Matrix-animation-output-transform"/><input semantic="INTERPOLATION" source="#Neck-Interpolations"/></sampler><channel source="#Neck-Matrix-animation-transform" target="Neck/matrix"/></animation>
    <animation id="Head-anim" name="Head"><source id="Head-Matrix-animation-input"><float_array id="Head-Matrix-animation-input-array" count="39">

0.000000 0.033333 0.066667 0.100000 0.133333 0.166667 0.200000 0.233333 0.266667 0.300000 0.333333 0.366667 0.400000 0.433333 0.466667 0.500000
0.533333 0.566667 0.600000 0.633333 0.666667 0.700000 0.733333 0.766667 0.800000 0.833333 0.866667 0.900000 0.933333 0.966667 1.000000 1.033333
1.066667 1.100000 1.133333 1.166667 1.200000 1.233333 1.266667</float_array><technique_common><accessor source="#Head-Matrix-animation-input-array" count="39"><param name="TIME" type="float"/></accessor></technique_common></source><source id="Head-Matrix-animation-output-transform"><float_array id="Head-Matrix-animation-output-transform-array" count="624">

0.928590 0.011676 0.370923 0.000000 -0.019815 0.999639 0.018139 8.673000 -0.370577 -0.024193 0.928487 3.319300 0.000000 0.000000 0.000000 1.000000
0.928389 0.017510 0.371196 -0.000000 -0.022049 0.999725 0.007988 8.673000 -0.370955 -0.015601 0.928520 3.319300 0.000000 0.000000 0.000000 1.000000
0.928340 0.021945 0.371085 0.000000 -0.022418 0.999744 -0.003039 8.673000 -0.371056 -0.005497 0.928594 3.319300 0.000000 0.000000 0.000000 1.000000
