<?xml version="1.0" encoding="utf-8"?>
<COLLADA xmlns="http://www.collada.org/2005/11/COLLADASchema" version="1.4.1">
  <asset><contributor><author>Mixamo</author><authoring_tool>COLLADA Mixamo exporter</authoring_tool><comments></comments></contributor><created>2020-10-21T17:48:54Z</created><modified>2020-10-21T17:48:54Z</modified><revision></revision><title></title><unit meter="0.010000"/><up_axis>Y_UP</up_axis></asset>
  <library_animations>
    <animation id="Hips-anim" name="Hips"><source id="Hips-Matrix-animation-input"><float_array id="Hips-Matrix-animation-input-array" count="135">

0.000000 0.033333 0.066667 0.100000 0.133333 0.166667 0.200000 0.233333 0.266667 0.300000 0.333333 0.366667 0.400000 0.433333 0.466667 0.500000
0.533333 0.566667 0.600000 0.633333 0.666667 0.700000 0.733333 0.766667 0.800000 0.833333 0.866667 0.900000 0.933333 0.966667 1.000000 1.033333
1.066667 1.100000 1.133333 1.166667 1.200000 1.233333 1.266667 1.300000 1.333333 1.366667 1.400000 1.433333 1.466667 1.500000 1.533333 1.566667
1.600000 1.633333 1.666667 1.700000 1.733333 1.766667 1.800000 1.833333 1.866667 1.900000 1.933333 1.966667 2.000000 2.033333 2.066667 2.100000
2.133333 2.166667 2.200000 2.233333 2.266667 2.300000 2.333333 2.366667 2.400000 2.433333 2.466667 2.500000 2.533333 2.566667 2.600000 2.633333
2.666667 2.700000 2.733333 2.766667 2.800000 2.833333 2.866667 2.900000 2.933333 2.966667 3.000000 3.033333 3.066667 3.100000 3.133333 3.166667
3.200000 3.233333 3.266667 3.300000 3.333333 3.366667 3.400000 3.433333 3.466667 3.500000 3.533333 3.566667 3.600000 3.633333 3.666667 3.700000
3.733333 3.766667 3.800000 3.833333 3.866667 3.900000 3.933333 3.966667 4.000000 4.033333 4.066667 4.100000 4.133333 4.166667 4.200000 4.233333
4.266667 4.300000 4.333333 4.366667 4.400000 4.433333 4.466667</float_array><technique_common><accessor source="#Hips-Matrix-animation-input-array" count="135"><param name="TIME" type="float"/></accessor></technique_common></source><source id="Hips-Matrix-animation-output-transform"><float_array id="Hips-Matrix-animation-output-transform-array" count="2160">

0.976575 0.184127 0.111345 -17.922461 -0.149317 0.952485 -0.265474 96.357857 -0.154936 0.242630 0.957667 -1.512075 0.000000 0.000000 0.000000 1.000000
0.972856 0.194880 0.124791 -17.767555 -0.152773 0.945915 -0.286191 96.320206 -0.173815 0.259358 0.950011 -1.261439 0.000000 0.000000 0.000000 1.000000
0.965330 0.202428 0.164805 -17.754276 -0.151044 0.948099 -0.279812 95.677444 -0.212893 0.245219 0.945804 -0.843551 0.000000 0.000000 0.000000 1.000000
0.954436 0.212047 0.209973 -17.613754 -0.158467 0.956359 -0.245492 94.368011 -0.252865 0.201032 0.946385 -0.579414 0.000000 0.000000 0.000000 1.000000
0.949222 0.233815 0.210493 -17.302944 -0.190009 0.959329 -0.208770 93.438927 -0.250745 0.158174 0.955043 -0.712624 0.000000 0.000000 0.000000 1.000000
0.954304 0.245027 0.171072 -16.933731 -0.214349 0.960127 -0.179473 93.678818 -0.208227 0.134602 0.968774 -0.810494 0.000000 0.000000 0.000000 1.000000
0.965003 0.227476 0.130476 -16.423861 -0.205574 0.965111 -0.162174 95.175659 -0.162815 0.129676 0.978098 -0.452507 0.000000 0.000000 0.000000 1.000000
0.976722 0.186984 0.105127 -15.379237 -0.170252 0.973861 -0.150365 97.385735 -0.130495 0.128967 0.983025 0.302216 0.000000 0.000000 0.000000 1.000000
0.988181 0.137505 0.067757 -13.568239 -0.127403 0.982508 -0.135814 99.843536 -0.085247 0.125577 0.988415 1.262707 0.000000 0.000000 0.000000 1.000000
0.995726 0.092298 0.003249 -11.089993 -0.091189 0.988123 -0.123681 102.039116 -0.014626 0.122857 0.992317 2.238096 0.000000 0.000000 0.000000 1.000000
0.996560 0.058347 -0.058857 -8.185140 -0.065306 0.990102 -0.124226 103.598991 0.051027 0.127643 0.990507 2.911664 0.000000 0.000000 0.000000 1.000000
0.995456 0.031911 -0.089721 -5.214327 -0.044044 0.989636 -0.136680 104.507133 0.084429 0.140011 0.986544 3.170111 0.000000 0.000000 0.000000 1.000000
0.996013 0.013631 -0.088160 -2.150991 -0.027001 0.987966 -0.152298 104.647514 0.085023 0.154071 0.984395 3.215903 0.000000 0.000000 0.000000 1.000000
0.997664 0.000786 -0.068312 1.200515 -0.012050 0.986280 -0.164638 104.299484 0.067246 0.165077 0.983986 3.267671 0.000000 0.000000 0.000000 1.000000
0.998743 -0.011511 -0.048788 4.956223 0.002819 0.984634 -0.174610 103.774246 0.050048 0.174252 0.983428 3.432632 0.000000 0.000000 0.000000 1.000000
0.998610 -0.020693 -0.048475 8.998233 0.011281 0.982308 -0.186933 102.837074 0.051486 0.186126 0.981176 3.655252 0.000000 0.000000 0.000000 1.000000
0.996928 -0.020375 -0.075621 12.925572 0.004702 0.979397 -0.201889 101.680649 0.078176 0.200914 0.976485 3.658124 0.000000 0.000000 0.000000 1.000000
0.992873 -0.019535 -0.117569 16.220371 -0.006307 0.976480 -0.215514 100.234985 0.119014 0.214719 0.969397 3.230634 0.000000 0.000000 0.000000 1.000000
0.988295 -0.033205 -0.148900 18.552425 -0.001033 0.974546 -0.224186 98.532806 0.152554 0.221716 0.963104 2.390379 0.000000 0.000000 0.000000 1.000000
0.986826 -0.061132 -0.149789 20.070364 0.026474 0.974400 -0.223258 96.692062 0.159603 0.216351 0.963182 1.458980 0.000000 0.000000 0.000000 1.000000
0.988772 -0.088229 -0.120609 21.105114 0.061872 0.976379 -0.207015 95.316269 0.136025 0.197228 0.970875 0.815987 0.000000 0.000000 0.000000 1.000000
0.991125 -0.106232 -0.079911 21.752304 0.090726 0.979939 -0.177452 94.470604 0.097158 0.168628 0.980880 0.436484 0.000000 0.000000 0.000000 1.000000
0.991770 -0.118431 -0.048651 22.125641 0.109886 0.982364 -0.151284 93.949577 0.065709 0.144693 0.987292 -0.051506 0.000000 0.000000 0.000000 1.000000
0.990758 -0.132460 -0.029219 22.383694 0.126686 0.980584 -0.149687 93.778770 0.048480 0.144602 0.988302 -0.772609 0.000000 0.000000 0.000000 1.000000
0.987913 -0.154419 -0.013522 22.688078 0.149503 0.972230 -0.180047 93.974777 0.040949 0.175849 0.983565 -1.555441 0.000000 0.000000 0.000000 1.000000
0.984106 -0.177490 -0.005743 23.095694 0.171270 0.957172 -0.233426 94.446045 0.046928 0.228733 0.972358 -2.257850 0.000000 0.000000 0.000000 1.000000
0.981527 -0.190338 -0.019396 23.529188 0.176403 0.939566 -0.293423 95.073166 0.074073 0.284581 0.955786 -2.857344 0.000000 0.000000 0.000000 1.000000
0.980376 -0.189563 -0.054115 23.790638 0.159975 0.925418 -0.343526 95.718636 0.115199 0.328128 0.937583 -3.224043 0.000000 0.000000 0.000000 1.000000
0.978913 -0.185658 -0.085212 23.800943 0.141276 0.916580 -0.374061 96.219345 0.147551 0.354135 0.923481 -3.271729 0.000000 0.000000 0.000000 1.000000
0.979341 -0.180143 -0.091864 23.685549 0.131631 0.912785 -0.386649 96.446983 0.153504 0.366569 0.917640 -3.085944 0.000000 0.000000 0.000000 1.000000
0.982163 -0.168668 -0.083105 23.497831 0.123901 0.912997 -0.388698 96.417824 0.141436 0.371468 0.917610 -2.830900 0.000000 0.000000 0.000000 1.000000
0.985470 -0.150653 -0.078434 22.991350 0.109419 0.916307 -0.385239 96.491577 0.129907 0.371059 0.919478 -2.543566 0.000000 0.000000 0.000000 1.000000
0.987381 -0.140120 -0.073793 22.108297 0.102809 0.921587 -0.374309 96.826340 0.120455 0.361999 0.924363 -2.226820 0.000000 0.000000 0.000000 1.000000
0.988161 -0.142472 -0.056911 21.121063 0.113900 0.929799 -0.350001 97.175217 0.102781 0.339375 0.935019 -1.735546 0.000000 0.000000 0.000000 1.000000
0.987130 -0.154215 -0.042344 20.604326 0.133842 0.941579 -0.309054 96.795464 0.087531 0.299409 0.950101 -0.938184 0.000000 0.000000 0.000000 1.000000
0.983413 -0.170433 -0.062059 20.500420 0.149406 0.955162 -0.255624 95.570023 0.102844 0.242112 0.964782 0.126203 0.000000 0.000000 0.000000 1.000000
0.974079 -0.190878 -0.121388 20.400517 0.164381 0.965943 -0.199831 94.251534 0.155397 0.174697 0.972282 1.159428 0.000000 0.000000 0.000000 1.000000
0.960224 -0.211250 -0.182600 20.118582 0.185289 0.971275 -0.149305 93.298256 0.208895 0.109532 0.971785 1.907569 0.000000 0.000000 0.000000 1.000000
0.955160 -0.217654 -0.200738 19.479975 0.199213 0.973971 -0.108142 93.000214 0.219051 0.063304 0.973658 2.362403 0.000000 0.000000 0.000000 1.000000
0.964604 -0.201041 -0.170649 18.456871 0.189029 0.978363 -0.084106 93.595016 0.183866 0.048871 0.981736 2.699899 0.000000 0.000000 0.000000 1.000000
0.978547 -0.167166 -0.120421 17.160450 0.157521 0.983794 -0.085657 95.020523 0.132789 0.064851 0.989021 3.128914 0.000000 0.000000 0.000000 1.000000
0.988938 -0.127423 -0.075934 15.562770 0.119054 0.987205 -0.106079 96.976326 0.088480 0.095865 0.991454 3.743561 0.000000 0.000000 0.000000 1.000000
0.995239 -0.089142 -0.039398 13.513144 0.083700 0.988866 -0.123038 99.334488 0.049927 0.119155 0.991620 4.435001 0.000000 0.000000 0.000000 1.000000
0.998259 -0.058971 0.000671 11.078560 0.058578 0.990158 -0.127104 101.500427 0.006832 0.126922 0.991889 5.037431 0.000000 0.000000 0.000000 1.000000
0.997998 -0.045499 0.043939 8.390147 0.050712 0.990741 -0.125937 102.957993 -0.037802 0.127913 0.991065 5.543860 0.000000 0.000000 0.000000 1.000000
0.996719 -0.036651 0.072168 5.615782 0.045758 0.990605 -0.128871 103.752106 -0.066767 0.131751 0.989032 5.989869 0.000000 0.000000 0.000000 1.000000
0.997006 -0.020993 0.074415 2.649458 0.031093 0.990044 -0.137278 103.988152 -0.070792 0.139181 0.987733 6.344261 0.000000 0.000000 0.000000 1.000000
0.997909 -0.002790 0.064570 -0.710329 0.012236 0.989154 -0.146375 103.883698 -0.063461 0.146859 0.987120 6.514157 0.000000 0.000000 0.000000 1.000000
0.997681 0.011434 0.067099 -4.372810 -0.001064 0.988290 -0.152584 103.467178 -0.068058 0.152159 0.986010 6.365990 0.000000 0.000000 0.000000 1.000000
0.995545 0.016474 0.092835 -8.088199 -0.002036 0.988144 -0.153514 102.827950 -0.094263 0.152641 0.983776 5.843777 0.000000 0.000000 0.000000 1.000000
0.990816 0.011585 0.134720 -11.638854 0.008303 0.989230 -0.146131 102.043365 -0.134962 0.145908 0.980049 4.991455 0.000000 0.000000 0.000000 1.000000
0.983113 0.002844 0.182976 -14.807777 0.021224 0.991360 -0.129441 101.097717 -0.181763 0.131139 0.974559 4.067168 0.000000 0.000000 0.000000 1.000000
0.972655 0.003615 0.232226 -17.344944 0.022437 0.993740 -0.109444 99.780502 -0.231168 0.111661 0.966485 3.389122 0.000000 0.000000 0.000000 1.000000
0.961563 0.023883 0.273544 -19.203451 0.003029 0.995227 -0.097542 97.950409 -0.274568 0.094621 0.956901 3.102886 0.000000 0.000000 0.000000 1.000000
0.954612 0.067298 0.290151 -20.536333 -0.038715 0.993912 -0.103153 95.845406 -0.295327 0.087237 0.951405 3.038420 0.000000 0.000000 0.000000 1.000000
0.954314 0.124495 0.271634 -21.519520 -0.092421 0.987474 -0.127880 94.011993 -0.284152 0.096933 0.953867 2.879157 0.000000 0.000000 0.000000 1.000000
0.957731 0.178934 0.225243 -22.260809 -0.143162 0.975625 -0.166317 92.870903 -0.249513 0.127041 0.960002 2.463233 0.000000 0.000000 0.000000 1.000000
0.960000 0.223268 0.168972 -22.759750 -0.185558 0.959222 -0.213216 92.806557 -0.209686 0.173333 0.962282 1.817904 0.000000 0.000000 0.000000 1.000000
0.958099 0.259429 0.121423 -23.058941 -0.220496 0.938566 -0.265470 93.668594 -0.182834 0.227574 0.956442 1.044672 0.000000 0.000000 0.000000 1.000000
0.951925 0.289549 0.099997 -23.190739 -0.244967 0.915537 -0.319035 94.696655 -0.183928 0.279202 0.942453 0.202996 0.000000 0.000000 0.000000 1.000000
0.946297 0.303455 0.111524 -23.120125 -0.243879 0.896474 -0.369944 95.470932 -0.212239 0.322878 0.922336 -0.488526 0.000000 0.000000 0.000000 1.000000
0.941414 0.306281 0.141177 -23.172426 -0.224917 0.882103 -0.413892 95.572754 -0.251300 0.357891 0.899312 -0.957151 0.000000 0.000000 0.000000 1.000000
0.941159 0.296566 0.162075 -23.672441 -0.198376 0.873023 -0.445508 95.146141 -0.273618 0.387142 0.880485 -1.403378 0.000000 0.000000 0.000000 1.000000
0.948293 0.271204 0.164894 -24.119335 -0.169767 0.872352 -0.458454 95.215111 -0.268180 0.406755 0.873287 -1.805440 0.000000 0.000000 0.000000 1.000000
0.953202 0.254717 0.162865 -24.387110 -0.157272 0.877823 -0.452429 95.655518 -0.258208 0.405643 0.876803 -2.341214 0.000000 0.000000 0.000000 1.000000
0.950952 0.250814 0.181060 -24.397629 -0.151079 0.887330 -0.435685 96.314461 -0.269936 0.386961 0.881701 -2.909576 0.000000 0.000000 0.000000 1.000000
0.942131 0.248734 0.224769 -24.161385 -0.138958 0.899890 -0.413386 97.185463 -0.305091 0.358230 0.882378 -3.222482 0.000000 0.000000 0.000000 1.000000
0.931697 0.233298 0.278411 -23.828999 -0.114099 0.915649 -0.385447 98.301414 -0.344851 0.327353 0.879726 -3.075884 0.000000 0.000000 0.000000 1.000000
0.917725 0.222100 0.329320 -23.849321 -0.099603 0.931255 -0.350489 98.678329 -0.384525 0.288851 0.876759 -2.753266 0.000000 0.000000 0.000000 1.000000
0.897015 0.216783 0.385188 -24.075968 -0.095170 0.945752 -0.310637 97.962364 -0.431633 0.241987 0.868985 -2.379084 0.000000 0.000000 0.000000 1.000000
0.866548 0.224973 0.445513 -24.171604 -0.107378 0.955777 -0.273788 96.813507 -0.487406 0.189412 0.852384 -2.141645 0.000000 0.000000 0.000000 1.000000
0.837502 0.239823 0.490994 -24.094025 -0.130401 0.960298 -0.246624 96.173004 -0.530647 0.142522 0.835525 -1.952610 0.000000 0.000000 0.000000 1.000000
0.829431 0.242088 0.503426 -23.815029 -0.143866 0.963388 -0.226246 96.509491 -0.539766 0.115229 0.833891 -1.486294 0.000000 0.000000 0.000000 1.000000
0.847109 0.217895 0.484694 -23.075480 -0.134498 0.970287 -0.201130 97.785759 -0.514118 0.105189 0.851245 -0.672772 0.000000 0.000000 0.000000 1.000000
0.879786 0.176192 0.441512 -21.692011 -0.112237 0.979507 -0.167236 99.459396 -0.461930 0.097578 0.881532 0.271192 0.000000 0.000000 0.000000 1.000000
0.916992 0.136030 0.374996 -19.809729 -0.090924 0.986590 -0.135547 100.986832 -0.388405 0.090200 0.917063 1.182407 0.000000 0.000000 0.000000 1.000000
0.952370 0.099433 0.288279 -17.847866 -0.067542 0.990647 -0.118557 102.107704 -0.297371 0.093439 0.950179 2.006119 0.000000 0.000000 0.000000 1.000000
0.977834 0.076741 0.194809 -15.628224 -0.054276 0.991511 -0.118150 101.952667 -0.202222 0.104957 0.973699 2.570967 0.000000 0.000000 0.000000 1.000000
0.990589 0.061953 0.122044 -13.169322 -0.046399 0.990893 -0.126406 101.317398 -0.128764 0.119554 0.984442 2.722622 0.000000 0.000000 0.000000 1.000000
0.994769 0.050958 0.088529 -10.527306 -0.038615 0.989966 -0.135929 101.116608 -0.094568 0.131800 0.986755 2.459247 0.000000 0.000000 0.000000 1.000000
0.994973 0.042524 0.090663 -7.441854 -0.028908 0.988785 -0.146523 101.260178 -0.095877 0.143166 0.985044 1.937343 0.000000 0.000000 0.000000 1.000000
0.993612 0.029479 0.108936 -4.063241 -0.011438 0.986616 -0.162660 101.476151 -0.112273 0.160375 0.980650 1.298653 0.000000 0.000000 0.000000 1.000000
0.992915 0.009720 0.118426 -0.856534 0.012523 0.982537 -0.185643 101.669853 -0.118162 0.185811 0.975455 0.609457 0.000000 0.000000 0.000000 1.000000
0.995070 -0.005380 0.099027 1.913859 0.025991 0.977772 -0.208052 101.677483 -0.095707 0.209600 0.973092 -0.166920 0.000000 0.000000 0.000000 1.000000
0.998403 -0.017949 0.053564 4.165424 0.029169 0.975802 -0.216702 101.173676 -0.048378 0.217919 0.974767 -1.073976 0.000000 0.000000 0.000000 1.000000
0.999242 -0.038104 0.008007 5.944470 0.038936 0.978365 -0.203191 99.813614 -0.000092 0.203349 0.979106 -2.061880 0.000000 0.000000 0.000000 1.000000
0.997728 -0.065708 -0.014870 7.436247 0.062182 0.983124 -0.172046 97.810966 0.025924 0.170730 0.984977 -2.930375 0.000000 0.000000 0.000000 1.000000
0.995447 -0.094824 -0.009715 8.745068 0.092580 0.986054 -0.138302 95.725418 0.022694 0.136773 0.990342 -3.449094 0.000000 0.000000 0.000000 1.000000
0.993107 -0.116471 0.013169 9.872149 0.117212 0.986385 -0.115353 94.202835 0.000446 0.116102 0.993237 -3.588597 0.000000 0.000000 0.000000 1.000000
0.990363 -0.132948 0.038812 10.835958 0.136424 0.984757 -0.107896 93.433205 -0.023876 0.112151 0.993404 -3.630322 0.000000 0.000000 0.000000 1.000000
0.986882 -0.148893 0.062415 11.748601 0.155366 0.980971 -0.116440 93.440292 -0.043890 0.124610 0.991235 -3.790366 0.000000 0.000000 0.000000 1.000000
0.982546 -0.165012 0.085878 12.660881 0.175908 0.974339 -0.140430 94.020721 -0.060502 0.153086 0.986359 -4.091886 0.000000 0.000000 0.000000 1.000000
0.979145 -0.172052 0.108040 13.528421 0.189270 0.965781 -0.177324 94.692917 -0.073834 0.194075 0.978204 -4.438498 0.000000 0.000000 0.000000 1.000000
0.979904 -0.157525 0.122366 14.239475 0.181623 0.958244 -0.220866 94.999680 -0.082465 0.238652 0.967597 -4.658878 0.000000 0.000000 0.000000 1.000000
0.984634 -0.119126 0.127694 14.768575 0.149091 0.954173 -0.259473 94.598831 -0.090932 0.274523 0.957271 -4.518700 0.000000 0.000000 0.000000 1.000000
0.987027 -0.076042 0.141406 15.295641 0.113720 0.952834 -0.281382 94.023552 -0.113339 0.293813 0.949120 -4.312603 0.000000 0.000000 0.000000 1.000000
0.983246 -0.039911 0.177861 15.765175 0.090615 0.953653 -0.286942 93.861275 -0.158166 0.298251 0.941292 -4.205617 0.000000 0.000000 0.000000 1.000000
0.974054 -0.015359 0.225793 15.933663 0.081290 0.954857 -0.285727 94.160172 -0.211212 0.296669 0.931331 -4.101152 0.000000 0.000000 0.000000 1.000000
0.964669 -0.015273 0.263023 15.706449 0.092336 0.954599 -0.283221 95.017639 -0.246756 0.297501 0.922282 -3.816568 0.000000 0.000000 0.000000 1.000000
0.961338 -0.038941 0.272602 15.341944 0.116579 0.954413 -0.274782 95.892738 -0.249475 0.295938 0.922054 -3.195796 0.000000 0.000000 0.000000 1.000000
0.966678 -0.072477 0.245520 15.281096 0.135970 0.957981 -0.252555 95.982956 -0.216899 0.277523 0.935914 -2.323580 0.000000 0.000000 0.000000 1.000000
0.978614 -0.100045 0.179737 15.604671 0.138268 0.966853 -0.214657 95.056778 -0.152304 0.234918 0.960009 -1.427380 0.000000 0.000000 0.000000 1.000000
0.988180 -0.120380 0.094913 15.992607 0.135063 0.976557 -0.167612 93.568169 -0.072511 0.178450 0.981274 -0.733071 0.000000 0.000000 0.000000 1.000000
0.989958 -0.136809 0.035587 16.203161 0.140174 0.982591 -0.121928 92.177406 -0.018287 0.125692 0.991901 -0.274509 0.000000 0.000000 0.000000 1.000000
0.988435 -0.146526 0.039063 16.241180 0.149411 0.985058 -0.085653 91.435455 -0.025929 0.090499 0.995559 0.236115 0.000000 0.000000 0.000000 1.000000
0.985186 -0.141003 0.097609 16.136148 0.147562 0.987008 -0.063573 91.645882 -0.087377 0.077035 0.993192 0.933960 0.000000 0.000000 0.000000 1.000000
0.979725 -0.117123 0.162545 15.769108 0.127303 0.990411 -0.053662 92.869682 -0.154701 0.073266 0.985241 1.681748 0.000000 0.000000 0.000000 1.000000
0.977578 -0.083571 0.193282 14.966816 0.095172 0.994127 -0.051521 94.922989 -0.187841 0.068761 0.979790 2.368318 0.000000 0.000000 0.000000 1.000000
0.979756 -0.044699 0.195143 13.787479 0.056447 0.996886 -0.055060 97.591980 -0.192075 0.064961 0.979228 3.042438 0.000000 0.000000 0.000000 1.000000
0.980118 -0.009951 0.198167 12.352237 0.023103 0.997672 -0.064169 100.249222 -0.197067 0.067472 0.978065 3.672327 0.000000 0.000000 0.000000 1.000000
0.975703 0.013592 0.218674 10.706633 0.003982 0.996809 -0.079729 102.196144 -0.219060 0.078663 0.972535 4.178715 0.000000 0.000000 0.000000 1.000000
0.969365 0.033949 0.243269 8.933281 -0.009534 0.994856 -0.100847 103.149345 -0.245441 0.095438 0.964702 4.520193 0.000000 0.000000 0.000000 1.000000
0.967389 0.056347 0.246947 7.008677 -0.026995 0.992325 -0.120673 103.193726 -0.251852 0.110072 0.961486 4.760170 0.000000 0.000000 0.000000 1.000000
0.972901 0.078938 0.217332 4.838166 -0.051357 0.990215 -0.129759 102.881721 -0.225448 0.115081 0.967435 4.853877 0.000000 0.000000 0.000000 1.000000
0.982970 0.090456 0.159963 2.171040 -0.070215 0.989291 -0.127957 102.437668 -0.169824 0.114546 0.978795 4.905723 0.000000 0.000000 0.000000 1.000000
0.991364 0.087545 0.097640 -1.011886 -0.074939 0.989190 -0.126043 101.778084 -0.107619 0.117637 0.987208 4.903303 0.000000 0.000000 0.000000 1.000000
0.995141 0.073232 0.065811 -4.557502 -0.064094 0.989228 -0.131607 101.209053 -0.074740 0.126750 0.989115 4.663995 0.000000 0.000000 0.000000 1.000000
0.994689 0.060968 0.082930 -8.173812 -0.049005 0.989032 -0.139331 100.764656 -0.090515 0.134527 0.986767 4.012122 0.000000 0.000000 0.000000 1.000000
0.988812 0.058054 0.137406 -11.558935 -0.038556 0.989326 -0.140528 100.252983 -0.144097 0.133658 0.980496 2.977229 0.000000 0.000000 0.000000 1.000000
0.976775 0.063449 0.204656 -14.300035 -0.036207 0.990291 -0.134208 99.181763 -0.211184 0.123681 0.969590 1.908104 0.000000 0.000000 0.000000 1.000000
0.963323 0.064052 0.260587 -16.609423 -0.031716 0.991465 -0.126456 97.856560 -0.266462 0.113554 0.957133 1.171802 0.000000 0.000000 0.000000 1.000000
0.958764 0.069355 0.275609 -18.084270 -0.036313 0.991713 -0.123237 96.421761 -0.281873 0.108147 0.953337 0.859493 0.000000 0.000000 0.000000 1.000000
0.967476 0.086505 0.237713 -18.832605 -0.058410 0.990711 -0.122798 95.265244 -0.246128 0.104919 0.963542 0.746006 0.000000 0.000000 0.000000 1.000000
0.978146 0.118064 0.171147 -18.928507 -0.097976 0.987752 -0.121438 94.555573 -0.183388 0.102016 0.977733 0.637803 0.000000 0.000000 0.000000 1.000000
0.980562 0.156535 0.118296 -18.598885 -0.141764 0.982051 -0.124412 94.489594 -0.135647 0.105224 0.985154 0.538422 0.000000 0.000000 0.000000 1.000000
0.977175 0.186573 0.101581 -18.068249 -0.171534 0.975065 -0.140797 95.111839 -0.125317 0.120159 0.984813 0.522207 0.000000 0.000000 0.000000 1.000000
0.972908 0.201984 0.112485 -17.582987 -0.181185 0.968345 -0.171700 95.877182 -0.143605 0.146667 0.978706 0.576739 0.000000 0.000000 0.000000 1.000000
0.970462 0.206450 0.124827 -17.527933 -0.177703 0.961652 -0.208917 95.814850 -0.163172 0.180564 0.969934 0.586639 0.000000 0.000000 0.000000 1.000000
0.971492 0.206750 0.116004 -17.975506 -0.174587 0.954970 -0.239900 94.998856 -0.160380 0.212808 0.963842 0.352777 0.000000 0.000000 0.000000 1.000000
0.975236 0.203015 0.087747 -18.503361 -0.175077 0.951068 -0.254592 94.193695 -0.135139 0.232925 0.963059 -0.154668 0.000000 0.000000 0.000000 1.000000
0.979139 0.192548 0.064897 -18.843002 -0.170368 0.952026 -0.254206 93.900436 -0.110731 0.237847 0.964970 -0.654250 0.000000 0.000000 0.000000 1.000000
0.980762 0.182574 0.069080 -18.889315 -0.160348 0.955318 -0.248304 94.048447 -0.111328 0.232451 0.966216 -1.148204 0.000000 0.000000 0.000000 1.000000
0.980098 0.175544 0.092694 -18.583706 -0.149247 0.959479 -0.239008 94.891159 -0.130894 0.220417 0.966583 -1.513054 0.000000 0.000000 0.000000 1.000000
0.978525 0.177093 0.105487 -18.175257 -0.147481 0.959018 -0.241936 95.926437 -0.144009 0.221183 0.964541 -1.606617 0.000000 0.000000 0.000000 1.000000
0.976575 0.184127 0.111345 -17.922464 -0.149317 0.952485 -0.265474 96.357864 -0.154936 0.242630 0.957667 -1.512075 0.000000 0.000000 0.000000 1.000000</float_array><technique_common><accessor source="#Hips-Matrix-animation-output-transform-array" count="135" stride="16"><param type="float4x4"/></accessor></technique_common></source><source id="Hips-Interpolations"><Name_array id="Hips-Interpolations-array" count="135">
 LINEAR LINEAR LINEAR LINEAR LINEAR LINEAR LINEAR LINEAR LINEAR LINEAR LINEAR
LINEAR LINEAR LINEAR LINEAR LINEAR LINEAR LINEAR LINEAR LINEAR LINEAR LINEAR LINEAR
LINEAR LINEAR LINEAR LINEAR LINEAR LINEAR LINEAR LINEAR LINEAR LINEAR LINEAR LINEAR
LINEAR LINEAR LINEAR LINEAR LINEAR LINEAR LINEAR LINEAR LINEAR LINEAR LINEAR LINEAR
LINEAR LINEAR LINEAR LINEAR LINEAR LINEAR LINEAR LINEAR LINEAR LINEAR LINEAR LINEAR
LINEAR LINEAR LINEAR LINEAR LINEAR LINEAR LINEAR LINEAR LINEAR LINEAR LINEAR LINEAR
LINEAR LINEAR LINEAR LINEAR LINEAR LINEAR LINEAR LINEAR LINEAR LINEAR LINEAR LINEAR
LINEAR LINEAR LINEAR LINEAR LINEAR LINEAR LINEAR LINEAR LINEAR LINEAR LINEAR LINEAR
LINEAR LINEAR LINEAR LINEAR LINEAR LINEAR LINEAR LINEAR LINEAR LINEAR LINEAR LINEAR
LINEAR LINEAR LINEAR LINEAR LINEAR LINEAR LINEAR LINEAR LINEAR LINEAR LINEAR LINEAR
LINEAR LINEAR LINEAR LINEAR LINEAR LINEAR LINEAR LINEAR LINEAR LINEAR LINEAR LINEAR
LINEAR LINEAR LINEAR LINEAR</Name_array><technique_common><accessor source="#Hips-Interpolations-array" count="135"><param type="name"/></accessor></technique_common></source><sampler id="Hips-Matrix-animation-transform"><input semantic="INPUT" source="#Hips-Matrix-animation-input"/><input semantic="OUTPUT" source="#Hips-Matrix-animation-output-transform"/><input semantic="INTERPOLATION" source="#Hips-Interpolations"/></sampler><channel source="#Hips-Matrix-animation-transform" target="Hips/matrix"/></animation>
    <animation id="Spine-anim" name="Spine"><source id="Spine-Matrix-animation-input"><float_array id="Spine-Matrix-animation-input-array" count="135">

0.000000 0.033333 0.066667 0.100000 0.133333 0.166667 0.200000 0.233333 0.266667 0.300000 0.333333 0.366667 0.400000 0.433333 0.466667 0.500000
0.533333 0.566667 0.600000 0.633333 0.666667 0.700000 0.733333 0.766667 0.800000 0.833333 0.866667 0.900000 0.933333 0.966667 1.000000 1.033333
1.066667 1.100000 1.133333 1.166667 1.200000 1.233333 1.266667 1.300000 1.333333 1.366667 1.400000 1.433333 1.466667 1.500000 1.533333 1.566667
1.600000 1.633333 1.666667 1.700000 1.733333 1.766667 1.800000 1.833333 1.866667 1.900000 1.933333 1.966667 2.000000 2.033333 2.066667 2.100000
2.133333 2.166667 2.200000 2.233333 2.266667 2.300000 2.333333 2.366667 2.400000 2.433333 2.466667 2.500000 2.533333 2.566667 2.600000 2.633333
2.666667 2.700000 2.733333 2.766667 2.800000 2.833333 2.866667 2.900000 2.933333 2.966667 3.000000 3.033333 3.066667 3.100000 3.133333 3.166667
3.200000 3.233333 3.266667 3.300000 3.333333 3.366667 3.400000 3.433333 3.466667 3.500000 3.533333 3.566667 3.600000 3.633333 3.666667 3.700000
3.733333 3.766667 3.800000 3.833333 3.866667 3.900000 3.933333 3.966667 4.000000 4.033333 4.066667 4.100000 4.133333 4.166667 4.200000 4.233333
4.266667 4.300000 4.333333 4.366667 4.400000 4.433333 4.466667</float_array><technique_common><accessor source="#Spine-Matrix-animation-input-array" count="135"><param name="TIME" type="float"/></accessor></technique_common></source><source id="Spine-Matrix-animation-output-transform"><float_array id="Spine-Matrix-animation-output-transform-array" count="2160">

0.993815 -0.094832 -0.057774 -0.000000 0.094771 0.995492 -0.003796 5.245300 0.057873 -0.001703 0.998322 0.258800 0.000000 0.000000 0.000000 1.000000
0.992685 -0.100148 -0.067429 0.000000 0.100815 0.994883 0.006567 5.245300 0.066426 -0.013316 0.997702 0.258800 0.000000 0.000000 0.000000 1.000000
0.991935 -0.098949 -0.079208 0.000000 0.099885 0.994967 0.007928 5.245300 0.078025 -0.015776 0.996827 0.258800 0.000000 0.000000 0.000000 1.000000
0.992337 -0.089670 -0.085008 -0.000000 0.089778 0.995958 -0.002552 5.245300 0.084894 -0.005099 0.996377 0.258800 0.000000 0.000000 0.000000 1.000000
0.994120 -0.076794 -0.076346 0.000000 0.075833 0.997001 -0.015412 5.245300 0.077300 0.009532 0.996962 0.258800 0.000000 0.000000 0.000000 1.000000
0.996893 -0.049897 -0.060943 0.000000 0.048598 0.998562 -0.022614 5.245300 0.061984 0.019582 0.997885 0.258800 0.000000 0.000000 0.000000 1.000000
0.998647 -0.017798 -0.048852 0.000000 0.016777 0.999634 -0.021235 5.245300 0.049212 0.020386 0.998580 0.258800 0.000000 0.000000 0.000000 1.000000
0.999205 0.004004 -0.039655 0.000000 -0.004663 0.999852 -0.016539 5.245300 0.039583 0.016711 0.999077 0.258800 0.000000 0.000000 0.000000 1.000000
0.999646 0.011940 -0.023766 0.000000 -0.012208 0.999863 -0.011201 5.245300 0.023629 0.011487 0.999655 0.258800 0.000000 0.000000 0.000000 1.000000
0.999972 0.007523 0.000237 0.000000 -0.007522 0.999960 -0.004854 5.245300 -0.000273 0.004852 0.999988 0.258800 0.000000 0.000000 0.000000 1.000000
0.999778 0.002261 0.020954 0.000000 -0.002282 0.999997 0.000998 5.245300 -0.020951 -0.001046 0.999780 0.258800 0.000000 0.000000 0.000000 1.000000
0.999508 0.011523 0.029183 0.000000 -0.011658 0.999922 0.004487 5.245300 -0.029129 -0.004825 0.999564 0.258800 0.000000 0.000000 0.000000 1.000000
0.999357 0.021808 0.028446 0.000000 -0.022011 0.999734 0.006846 5.245300 -0.028289 -0.007468 0.999572 0.258800 0.000000 0.000000 0.000000 1.000000
0.999391 0.022027 0.027072 -0.000000 -0.022254 0.999720 0.008100 5.245300 -0.026886 -0.008698 0.999601 0.258800 0.000000 0.000000 0.000000 1.000000
0.999450 0.018343 0.027628 -0.000000 -0.018601 0.999785 0.009117 5.245300 -0.027455 -0.009626 0.999577 0.258800 0.000000 0.000000 0.000000 1.000000
0.999447 0.017175 0.028489 -0.000000 -0.017499 0.999784 0.011183 5.245300 -0.028291 -0.011676 0.999532 0.258800 0.000000 0.000000 0.000000 1.000000
0.999491 0.011251 0.029861 -0.000000 -0.011585 0.999872 0.011034 5.245300 -0.029733 -0.011374 0.999493 0.258800 0.000000 0.000000 0.000000 1.000000
0.999459 0.006573 0.032216 0.000000 -0.006737 0.999965 0.004993 5.245300 -0.032182 -0.005207 0.999468 0.258800 0.000000 0.000000 0.000000 1.000000
0.999288 0.016450 0.033945 0.000000 -0.016244 0.999848 -0.006317 5.245300 -0.034044 0.005761 0.999404 0.258800 0.000000 0.000000 0.000000 1.000000
0.998759 0.036950 0.033384 0.000000 -0.036320 0.999154 -0.019277 5.245300 -0.034068 0.018040 0.999257 0.258800 0.000000 0.000000 0.000000 1.000000
0.998028 0.053956 0.032087 0.000000 -0.052931 0.998086 -0.031986 5.245300 -0.033751 0.030225 0.998973 0.258800 0.000000 0.000000 0.000000 1.000000
0.997179 0.067623 0.032575 0.000000 -0.066098 0.996761 -0.045802 5.245300 -0.035567 0.043520 0.998419 0.258800 0.000000 0.000000 0.000000 1.000000
0.995729 0.084560 0.037058 0.000000 -0.082249 0.994805 -0.059991 5.245300 -0.041938 0.056687 0.997511 0.258800 0.000000 0.000000 0.000000 1.000000
0.993548 0.104068 0.045083 -0.000000 -0.100881 0.992573 -0.067984 5.245300 -0.051823 0.062997 0.996667 0.258800 0.000000 0.000000 0.000000 1.000000
0.990879 0.123259 0.054469 0.000000 -0.119640 0.990664 -0.065352 5.245300 -0.062015 0.058240 0.996375 0.258800 0.000000 0.000000 0.000000 1.000000
0.988513 0.136315 0.065264 0.000000 -0.132868 0.989632 -0.054544 5.245300 -0.072023 0.045246 0.996376 0.258800 0.000000 0.000000 0.000000 1.000000
0.987010 0.140104 0.078632 0.000000 -0.137211 0.989689 -0.041096 5.245300 -0.083579 0.029773 0.996056 0.258800 0.000000 0.000000 0.000000 1.000000
0.986390 0.134845 0.094079 0.000000 -0.132620 0.990726 -0.029551 5.245300 -0.097191 0.016672 0.995126 0.258800 0.000000 0.000000 0.000000 1.000000
0.985876 0.129115 0.106670 0.000000 -0.127511 0.991599 -0.021747 5.245300 -0.108582 0.007838 0.994057 0.258800 0.000000 0.000000 0.000000 1.000000
0.985773 0.125134 0.112215 0.000000 -0.124074 0.992137 -0.016409 5.245300 -0.113386 0.002252 0.993548 0.258800 0.000000 0.000000 0.000000 1.000000
0.986184 0.123270 0.110663 0.000000 -0.122629 0.992372 -0.012608 5.245300 -0.111373 -0.001137 0.993778 0.258800 0.000000 0.000000 0.000000 1.000000
0.987017 0.122419 0.103978 0.000000 -0.122023 0.992475 -0.010179 5.245300 -0.104442 -0.002641 0.994527 0.258800 0.000000 0.000000 0.000000 1.000000
0.987582 0.127968 0.091134 -0.000000 -0.127633 0.991776 -0.009520 5.245300 -0.091603 -0.002230 0.995793 0.258800 0.000000 0.000000 0.000000 1.000000
0.987981 0.135156 0.075011 0.000000 -0.134857 0.990824 -0.009057 5.245300 -0.075547 -0.001167 0.997142 0.258800 0.000000 0.000000 0.000000 1.000000
0.988255 0.137186 0.067324 -0.000000 -0.136839 0.990545 -0.009754 5.245300 -0.068026 0.000427 0.997683 0.258800 0.000000 0.000000 0.000000 1.000000
0.987952 0.134214 0.077050 0.000000 -0.133474 0.990943 -0.014696 5.245300 -0.078325 0.004235 0.996919 0.258800 0.000000 0.000000 0.000000 1.000000
0.986375 0.132264 0.097833 0.000000 -0.130591 0.991162 -0.023343 5.245300 -0.100056 0.010249 0.994929 0.258800 0.000000 0.000000 0.000000 1.000000
0.985432 0.126413 0.113772 0.000000 -0.123300 0.991786 -0.034025 5.245300 -0.117139 0.019501 0.992924 0.258800 0.000000 0.000000 0.000000 1.000000
0.987429 0.111099 0.112433 0.000000 -0.106932 0.993359 -0.042457 5.245300 -0.116403 0.029901 0.992752 0.258800 0.000000 0.000000 0.000000 1.000000
0.991181 0.089966 0.097297 -0.000000 -0.086094 0.995346 -0.043297 5.245300 -0.100740 0.034538 0.994313 0.258800 0.000000 0.000000 0.000000 1.000000
0.994537 0.070818 0.076687 0.000000 -0.068352 0.997071 -0.034325 5.245300 -0.078893 0.028896 0.996464 0.258800 0.000000 0.000000 0.000000 1.000000
0.996727 0.058800 0.055477 0.000000 -0.057872 0.998158 -0.018188 5.245300 -0.056445 0.014918 0.998294 0.258800 0.000000 0.000000 0.000000 1.000000
0.997942 0.053950 0.034644 -0.000000 -0.053875 0.998543 -0.003112 5.245300 -0.034762 0.001239 0.999395 0.258800 0.000000 0.000000 0.000000 1.000000
0.998541 0.051643 0.015786 0.000000 -0.051741 0.998644 0.005832 5.245300 -0.015463 -0.006640 0.999858 0.258800 0.000000 0.000000 0.000000 1.000000
0.998622 0.052452 0.001451 -0.000000 -0.052464 0.998571 0.010150 5.245300 -0.000917 -0.010212 0.999947 0.258800 0.000000 0.000000 0.000000 1.000000
0.998844 0.047701 -0.005881 0.000000 -0.047619 0.998776 0.013404 5.245300 0.006513 -0.013109 0.999893 0.258800 0.000000 0.000000 0.000000 1.000000
0.999219 0.038742 -0.007769 0.000000 -0.038613 0.999123 0.016172 5.245300 0.008389 -0.015860 0.999839 0.258800 0.000000 0.000000 0.000000 1.000000
0.999333 0.035564 -0.008321 -0.000000 -0.035420 0.999230 0.016875 5.245300 0.008915 -0.016570 0.999823 0.258800 0.000000 0.000000 0.000000 1.000000
0.999268 0.037034 -0.009563 0.000000 -0.036897 0.999218 0.014194 5.245300 0.010081 -0.013831 0.999854 0.258800 0.000000 0.000000 0.000000 1.000000
0.999180 0.038719 -0.011850 0.000000 -0.038639 0.999229 0.006908 5.245300 0.012108 -0.006444 0.999906 0.258800 0.000000 0.000000 0.000000 1.000000
0.998930 0.043179 -0.016549 -0.000000 -0.043281 0.999046 -0.005844 5.245300 0.016281 0.006554 0.999846 0.258800 0.000000 0.000000 0.000000 1.000000
0.998186 0.054508 -0.025564 0.000000 -0.055096 0.998219 -0.022884 5.245300 0.024271 0.024251 0.999411 0.258800 0.000000 0.000000 0.000000 1.000000
0.997343 0.063112 -0.036390 0.000000 -0.064504 0.997177 -0.038443 5.245300 0.033861 0.040688 0.998598 0.258800 0.000000 0.000000 0.000000 1.000000
0.997507 0.055150 -0.044017 -0.000000 -0.057169 0.997303 -0.046022 5.245300 0.041360 0.048423 0.997970 0.258800 0.000000 0.000000 0.000000 1.000000
0.998505 0.027424 -0.047286 0.000000 -0.029590 0.998516 -0.045721 5.245300 0.045962 0.047051 0.997834 0.258800 0.000000 0.000000 0.000000 1.000000
0.998877 -0.010616 -0.046173 -0.000000 0.008633 0.999041 -0.042923 5.245300 0.046584 0.042477 0.998011 0.258800 0.000000 0.000000 0.000000 1.000000
0.997978 -0.045181 -0.044697 0.000000 0.043328 0.998196 -0.041574 5.245300 0.046494 0.039553 0.998135 0.258800 0.000000 0.000000 0.000000 1.000000
0.996434 -0.071354 -0.045033 -0.000000 0.069520 0.996735 -0.041058 5.245300 0.047816 0.037781 0.998141 0.258800 0.000000 0.000000 0.000000 1.000000
0.994774 -0.091205 -0.045906 -0.000000 0.089506 0.995269 -0.037794 5.245300 0.049136 0.033487 0.998231 0.258800 0.000000 0.000000 0.000000 1.000000
0.992791 -0.110694 -0.045959 0.000000 0.109420 0.993562 -0.029371 5.245300 0.048914 0.024130 0.998511 0.258800 0.000000 0.000000 0.000000 1.000000
0.990961 -0.126038 -0.045942 -0.000000 0.125358 0.991959 -0.017403 5.245300 0.047766 0.011487 0.998793 0.258800 0.000000 0.000000 0.000000 1.000000
0.989045 -0.141669 -0.041473 0.000000 0.141679 0.989909 -0.002724 5.245300 0.041441 -0.003182 0.999136 0.258800 0.000000 0.000000 0.000000 1.000000
0.988961 -0.144591 -0.032397 0.000000 0.145003 0.989373 0.010746 5.245300 0.030499 -0.015325 0.999417 0.258800 0.000000 0.000000 0.000000 1.000000
0.991989 -0.123993 -0.024173 0.000000 0.124430 0.992074 0.017505 5.245300 0.021811 -0.020373 0.999555 0.258800 0.000000 0.000000 0.000000 1.000000
0.994203 -0.105889 -0.018674 0.000000 0.106189 0.994219 0.015883 5.245300 0.016885 -0.017774 0.999699 0.258800 0.000000 0.000000 0.000000 1.000000
0.994628 -0.101620 -0.019714 -0.000000 0.101842 0.994744 0.010616 5.245300 0.018531 -0.012567 0.999749 0.258800 0.000000 0.000000 0.000000 1.000000
0.994277 -0.103358 -0.027036 0.000000 0.103518 0.994617 0.004597 5.245300 0.026415 -0.007369 0.999624 0.258800 0.000000 0.000000 0.000000 1.000000
0.995155 -0.091045 -0.037118 0.000000 0.091042 0.995845 -0.001779 5.245300 0.037126 -0.001609 0.999309 0.258800 0.000000 0.000000 0.000000 1.000000
0.995605 -0.082076 -0.045098 0.000000 0.081754 0.996612 -0.008942 5.245300 0.045679 0.005215 0.998943 0.258800 0.000000 0.000000 0.000000 1.000000
0.995796 -0.074236 -0.053667 -0.000000 0.073462 0.997165 -0.016260 5.245300 0.054722 0.012249 0.998426 0.258800 0.000000 0.000000 0.000000 1.000000
0.995653 -0.066801 -0.064901 0.000000 0.065385 0.997578 -0.023706 5.245300 0.066327 0.019360 0.997610 0.258800 0.000000 0.000000 0.000000 1.000000
0.995967 -0.053401 -0.072100 0.000000 0.051469 0.998271 -0.028399 5.245300 0.073492 0.024573 0.996993 0.258800 0.000000 0.000000 0.000000 1.000000
0.996857 -0.032249 -0.072363 0.000000 0.030344 0.999167 -0.027278 5.245300 0.073182 0.024996 0.997005 0.258800 0.000000 0.000000 0.000000 1.000000
0.997763 -0.011492 -0.065862 0.000000 0.010157 0.999737 -0.020578 5.245300 0.066081 0.019863 0.997617 0.258800 0.000000 0.000000 0.000000 1.000000
0.998684 -0.003161 -0.051196 -0.000000 0.002553 0.999926 -0.011932 5.245300 0.051230 0.011785 0.998617 0.258800 0.000000 0.000000 0.000000 1.000000
0.999569 -0.008763 -0.028021 0.000000 0.008689 0.999958 -0.002765 5.245300 0.028044 0.002521 0.999604 0.258800 0.000000 0.000000 0.000000 1.000000
0.999857 -0.016930 0.000064 -0.000000 0.016929 0.999829 0.007482 5.245300 -0.000191 -0.007480 0.999972 0.258800 0.000000 0.000000 0.000000 1.000000
0.999095 -0.032915 0.026928 -0.000000 0.032469 0.999331 0.016836 5.245300 -0.027464 -0.015947 0.999496 0.258800 0.000000 0.000000 0.000000 1.000000
0.998249 -0.041551 0.042107 0.000000 0.040647 0.998929 0.022088 5.245300 -0.042980 -0.020337 0.998869 0.258800 0.000000 0.000000 0.000000 1.000000
0.998425 -0.035517 0.043434 -0.000000 0.034581 0.999157 0.022128 5.245300 -0.044183 -0.020592 0.998811 0.258800 0.000000 0.000000 0.000000 1.000000
0.998784 -0.030852 0.038440 -0.000000 0.030106 0.999350 0.019838 5.245300 -0.039027 -0.018656 0.999064 0.258800 0.000000 0.000000 0.000000 1.000000
0.998921 -0.030785 0.034762 0.000000 0.030171 0.999382 0.018056 5.245300 -0.035297 -0.016988 0.999232 0.258800 0.000000 0.000000 0.000000 1.000000
0.999043 -0.027634 0.033909 0.000000 0.027059 0.999484 0.017289 5.245300 -0.034370 -0.016355 0.999275 0.258800 0.000000 0.000000 0.000000 1.000000
0.998999 -0.027006 0.035648 0.000000 0.026485 0.999536 0.015025 5.245300 -0.036037 -0.014066 0.999251 0.258800 0.000000 0.000000 0.000000 1.000000
0.998993 -0.022451 0.038850 0.000000 0.022212 0.999732 0.006563 5.245300 -0.038987 -0.005693 0.999224 0.258800 0.000000 0.000000 0.000000 1.000000
0.999141 -0.002752 0.041360 0.000000 0.003122 0.999956 -0.008875 5.245300 -0.041334 0.008997 0.999105 0.258800 0.000000 0.000000 0.000000 1.000000
0.998696 0.026840 0.043437 -0.000000 -0.025715 0.999325 -0.026246 5.245300 -0.044112 0.025095 0.998711 0.258800 0.000000 0.000000 0.000000 1.000000
0.997410 0.055564 0.045668 0.000000 -0.053776 0.997772 -0.039483 5.245300 -0.047760 0.036924 0.998176 0.258800 0.000000 0.000000 0.000000 1.000000
0.995713 0.077912 0.049861 0.000000 -0.075605 0.996049 -0.046594 5.245300 -0.053294 0.042624 0.997669 0.258800 0.000000 0.000000 0.000000 1.000000
0.993392 0.099319 0.057516 0.000000 -0.096500 0.994082 -0.049889 5.245300 -0.062130 0.044009 0.997097 0.258800 0.000000 0.000000 0.000000 1.000000
0.990671 0.119198 0.066056 0.000000 -0.116056 0.992007 -0.049534 5.245300 -0.071432 0.041406 0.996586 0.258800 0.000000 0.000000 0.000000 1.000000
0.988274 0.134443 0.072382 0.000000 -0.131426 0.990305 -0.044970 5.245300 -0.077726 0.034930 0.996363 0.258800 0.000000 0.000000 0.000000 1.000000
0.987142 0.140463 0.076297 -0.000000 -0.137967 0.989742 -0.037092 5.245300 -0.080725 0.026088 0.996395 0.258800 0.000000 0.000000 0.000000 1.000000
0.987952 0.132676 0.079669 0.000000 -0.130923 0.991028 -0.026868 5.245300 -0.082519 0.016114 0.996459 0.258800 0.000000 0.000000 0.000000 1.000000
0.990374 0.109670 0.084454 0.000000 -0.108668 0.993943 -0.016383 5.245300 -0.085740 0.007047 0.996293 0.258800 0.000000 0.000000 0.000000 1.000000
0.992482 0.087426 0.085648 -0.000000 -0.086860 0.996167 -0.010320 5.245300 -0.086222 0.002803 0.996272 0.258800 0.000000 0.000000 0.000000 1.000000
