<?xml version="1.0" encoding="utf-8"?>
<COLLADA xmlns="http://www.collada.org/2005/11/COLLADASchema" version="1.4.1">
  <asset><contributor><author>Mixamo</author><authoring_tool>COLLADA Mixamo exporter</authoring_tool><comments></comments></contributor><created>2020-10-23T04:58:50Z</created><modified>2020-10-23T04:58:50Z</modified><revision></revision><title></title><unit meter="0.010000"/><up_axis>Y_UP</up_axis></asset>
  <library_animations>
    <animation id="Hips-anim" name="Hips"><source id="Hips-Matrix-animation-input"><float_array id="Hips-Matrix-animation-input-array" count="56">

0.000000 0.033333 0.066667 0.100000 0.133333 0.166667 0.200000 0.233333 0.266667 0.300000 0.333333 0.366667 0.400000 0.433333 0.466667 0.500000
0.533333 0.566667 0.600000 0.633333 0.666667 0.700000 0.733333 0.766667 0.800000 0.833333 0.866667 0.900000 0.933333 0.966667 1.000000 1.033333
1.066667 1.100000 1.133333 1.166667 1.200000 1.233333 1.266667 1.300000 1.333333 1.366667 1.400000 1.433333 1.466667 1.500000 1.533333 1.566667
1.600000 1.633333 1.666667 1.700000 1.733333 1.766667 1.800000 1.833333</float_array><technique_common><accessor source="#Hips-Matrix-animation-input-array" count="56"><param name="TIME" type="float"/></accessor></technique_common></source><source id="Hips-Matrix-animation-output-transform"><float_array id="Hips-Matrix-animation-output-transform-array" count="896">

0.851888 -0.250717 -0.459813 -0.806010 0.293111 0.955828 0.021870 103.044189 0.434019 -0.153407 0.887747 -10.920714 0.000000 0.000000 0.000000 1.000000
0.955981 -0.292679 -0.020943 -5.541758 0.293111 0.955828 0.021870 103.044182 0.013617 -0.027046 0.999541 -3.306955 0.000000 0.000000 0.000000 1.000000
0.863904 -0.274583 0.422225 -9.140327 0.293111 0.955828 0.021870 103.044174 -0.409580 0.104865 0.906227 6.244865 0.000000 0.000000 0.000000 1.000000
0.594551 -0.200141 0.778751 -10.863265 0.293111 0.955828 0.021870 103.044174 -0.748729 0.215258 0.626952 17.034134 0.000000 0.000000 0.000000 1.000000
0.203194 -0.084630 0.975474 -10.357018 0.293111 0.955828 0.021870 103.044197 -0.934237 0.281478 0.219025 28.106337 0.000000 0.000000 0.000000 1.000000
-0.229859 0.048247 0.972027 -7.725501 0.293111 0.955828 0.021870 103.044174 -0.928036 0.289939 -0.233847 38.448898 0.000000 0.000000 0.000000 1.000000
-0.615744 0.171224 0.769118 -3.508673 0.293111 0.955828 0.021870 103.044174 -0.731400 0.238903 -0.638733 47.198936 0.000000 0.000000 0.000000 1.000000
-0.875276 0.259066 0.408382 1.428147 0.293111 0.955828 0.021870 103.044189 -0.384678 0.138844 -0.912549 53.820385 0.000000 0.000000 0.000000 1.000000
-0.955200 0.293746 -0.036154 6.071908 0.293111 0.955828 0.021870 103.044189 0.040981 0.010293 -0.999107 58.213955 0.000000 0.000000 0.000000 1.000000
-0.839113 0.268148 -0.473272 9.469694 0.293111 0.955828 0.021870 103.044205 0.458231 -0.120370 -0.880645 60.737556 0.000000 0.000000 0.000000 1.000000
-0.550837 0.187526 -0.813273 10.924258 0.293111 0.955828 0.021870 103.044197 0.781450 -0.226333 -0.581472 62.132805 0.000000 0.000000 0.000000 1.000000
-0.149528 0.068423 -0.986387 10.137132 0.293111 0.955828 0.021870 103.044205 0.944313 -0.285851 -0.162979 63.372822 0.000000 0.000000 0.000000 1.000000
0.282465 -0.064721 -0.957092 7.269855 0.293111 0.955828 0.021870 103.044197 0.913400 -0.286712 0.288958 65.462631 0.000000 0.000000 0.000000 1.000000
0.656495 -0.184584 -0.731398 2.910758 0.293111 0.955828 0.021870 103.044189 0.695054 -0.228738 0.681600 69.232857 0.000000 0.000000 0.000000 1.000000
0.895810 -0.266569 -0.355620 -2.045624 0.293111 0.955828 0.021870 103.044189 0.334082 -0.123827 0.934375 75.169342 0.000000 0.000000 0.000000 1.000000
0.951302 -0.293854 0.093133 -6.582233 0.293111 0.955828 0.021870 103.044205 -0.095446 0.006493 0.995413 83.313324 0.000000 0.000000 0.000000 1.000000
0.811585 -0.260839 0.522775 -9.768156 0.293111 0.955828 0.021870 103.044212 -0.505387 0.135482 0.852190 93.253105 0.000000 0.000000 0.000000 1.000000
0.505327 -0.174299 0.845142 -10.949626 0.293111 0.955828 0.021870 103.044197 -0.811622 0.236669 0.534094 104.208435 0.000000 0.000000 0.000000 1.000000
0.095375 -0.051992 0.994083 -9.884190 0.293111 0.955828 0.021870 103.044189 -0.951309 0.289291 0.106401 115.190773 0.000000 0.000000 0.000000 1.000000
-0.334149 0.080983 0.939035 -6.790496 0.293111 0.955828 0.021870 103.044174 -0.895785 0.282549 -0.343126 125.205925 0.000000 0.000000 0.000000 1.000000
-0.695103 0.197341 0.691294 -2.303357 0.293111 0.955828 0.021869 103.044189 -0.656443 0.217828 -0.722242 133.458282 0.000000 0.000000 0.000000 1.000000
-0.913421 0.273204 0.301697 2.656431 0.293111 0.955828 0.021869 103.044205 -0.282396 0.108407 -0.953153 139.513824 0.000000 0.000000 0.000000 1.000000
-0.944302 0.293004 -0.149808 7.071106 0.293111 0.955828 0.021870 103.044197 0.149598 -0.023258 -0.988473 143.389404 0.000000 0.000000 0.000000 1.000000
-0.781408 0.252679 -0.570573 10.034780 0.293111 0.955828 0.021870 103.044174 0.550896 -0.150152 -0.820955 145.549225 0.000000 0.000000 0.000000 1.000000
-0.458169 0.160504 -0.874254 10.939277 0.293111 0.955828 0.021870 103.044205 0.839147 -0.246234 -0.484976 146.809570 0.000000 0.000000 0.000000 1.000000
-0.040911 0.035393 -0.998536 9.599010 0.293111 0.955828 0.021870 103.044197 0.955203 -0.291787 -0.049478 148.171249 0.000000 0.000000 0.000000 1.000000
0.384743 -0.096982 -0.917915 6.288968 0.293111 0.955828 0.021870 103.044189 0.875248 -0.277465 0.396174 150.614304 0.000000 0.000000 0.000000 1.000000
0.731445 -0.209455 -0.648936 1.688448 0.293111 0.955828 0.021870 103.044189 0.615690 -0.206207 0.760529 154.896881 0.000000 0.000000 0.000000 1.000000
0.928053 -0.278947 -0.246791 -3.258572 0.293111 0.955828 0.021870 103.044205 0.229789 -0.092634 0.968822 161.399658 0.000000 0.000000 0.000000 1.000000
0.934222 -0.291199 0.205994 -7.536914 0.293111 0.955828 0.021869 103.044197 -0.203263 0.039948 0.978309 170.047684 0.000000 0.000000 0.000000 1.000000
0.748684 -0.243695 0.616510 -10.268660 0.293111 0.955828 0.021870 103.044189 -0.594607 0.164333 0.787043 180.325821 0.000000 0.000000 0.000000 1.000000
0.409516 -0.146185 0.900515 -10.893242 0.293111 0.955828 0.021870 103.044189 -0.863934 0.254995 0.434275 191.384445 0.000000 0.000000 0.000000 1.000000
-0.013687 -0.018677 0.999732 -9.282500 0.293111 0.955828 0.021870 103.044189 -0.955980 0.293332 -0.007608 202.213715 0.000000 0.000000 0.000000 1.000000
-0.434082 0.112664 0.893801 -5.766960 0.293111 0.955828 0.021869 103.044189 -0.851856 0.271476 -0.447931 211.850983 0.000000 0.000000 0.000000 1.000000
-0.765402 0.220886 0.604458 -1.068011 0.293111 0.955828 0.021869 103.044174 -0.572927 0.193912 -0.796337 219.578064 0.000000 0.000000 0.000000 1.000000
-0.939658 0.283780 0.191080 3.850072 0.293111 0.955828 0.021870 103.044189 -0.176434 0.076558 -0.981331 225.068756 0.000000 0.000000 0.000000 1.000000
-0.921093 0.288443 -0.261510 7.978138 0.293111 0.955828 0.021870 103.044189 0.256267 -0.056507 -0.964953 228.455826 0.000000 0.000000 0.000000 1.000000
-0.713518 0.233917 -0.660435 10.469048 0.293111 0.955828 0.021870 103.044205 0.636379 -0.177976 -0.750564 230.303818 0.000000 0.000000 0.000000 1.000000
-0.359527 0.131389 -0.923838 10.811675 0.293111 0.955828 0.021870 103.044182 0.885904 -0.262924 -0.382158 231.492813 0.000000 0.000000 0.000000 1.000000
0.068242 0.001901 -0.997667 8.935719 0.293111 0.955828 0.021870 103.044189 0.953640 -0.293920 0.064670 233.038376 0.000000 0.000000 0.000000 1.000000
0.482007 -0.127978 -0.866771 5.226111 0.293111 0.955828 0.021871 103.044189 0.825685 -0.264602 0.498227 235.882874 0.000000 0.000000 0.000000 1.000000
0.796861 -0.231596 -0.558011 0.444103 0.293111 0.955828 0.021869 103.044182 0.528298 -0.180986 0.829545 240.701935 0.000000 0.000000 0.000000 1.000000
0.948198 -0.287688 -0.134746 -4.429030 0.293111 0.955828 0.021869 103.044189 0.122502 -0.060232 0.990639 247.766205 0.000000 0.000000 0.000000 1.000000
0.904962 -0.284747 0.316169 -8.393325 0.293111 0.955828 0.021869 103.044189 -0.308431 0.072882 0.948451 256.885559 0.000000 0.000000 0.000000 1.000000
0.676025 -0.223374 0.702207 -10.635261 0.293111 0.955828 0.021869 103.044212 -0.676074 0.191040 0.711637 267.448151 0.000000 0.000000 0.000000 1.000000
0.308364 -0.116164 0.944149 -10.694847 0.293111 0.955828 0.021870 103.044189 -0.904985 0.269997 0.328792 278.545929 0.000000 0.000000 0.000000 1.000000
-0.122572 0.014882 0.992348 -8.559799 0.293111 0.955828 0.021870 103.044182 -0.948189 0.293549 -0.121520 289.160919 0.000000 0.000000 0.000000 1.000000
-0.528355 0.142876 0.836915 -4.668250 0.293111 0.955828 0.021869 103.044174 -0.796823 0.256864 -0.546895 298.374725 0.000000 0.000000 0.000000 1.000000
-0.825720 0.241549 0.509745 0.181218 0.293111 0.955828 0.021871 103.044205 -0.481946 0.167471 -0.860047 305.555725 0.000000 0.000000 0.000000 1.000000
-0.953645 0.290657 0.077972 4.993531 0.293111 0.955828 0.021870 103.044189 -0.068171 0.043711 -0.996716 310.490112 0.000000 0.000000 0.000000 1.000000
-0.885878 0.280121 -0.369801 8.781150 0.293111 0.955828 0.021870 103.044197 0.359593 -0.089019 -0.928853 313.424500 0.000000 0.000000 0.000000 1.000000
-0.636325 0.212103 -0.741689 10.766838 0.293111 0.955828 0.021870 103.044205 0.713566 -0.203481 -0.670387 315.016479 0.000000 0.000000 0.000000 1.000000
-0.256197 0.100560 -0.961379 10.543126 0.293111 0.955828 0.021869 103.044197 0.921113 -0.276188 -0.274356 316.198639 0.000000 0.000000 0.000000 1.000000
0.176501 -0.031616 -0.983793 8.155961 0.293111 0.955828 0.021870 103.044197 0.939645 -0.292221 0.177972 317.988068 0.000000 0.000000 0.000000 1.000000
0.572984 -0.157306 -0.804328 4.095143 0.293111 0.955828 0.021870 103.044189 0.765359 -0.248289 0.593782 321.276825 0.000000 0.000000 0.000000 1.000000
0.851888 -0.250716 -0.459813 -0.806010 0.293111 0.955828 0.021870 103.044189 0.434019 -0.153407 0.887746 326.649536 0.000000 0.000000 0.000000 1.000000</float_array><technique_common><accessor source="#Hips-Matrix-animation-output-transform-array" count="56" stride="16"><param type="float4x4"/></accessor></technique_common></source><source id="Hips-Interpolations"><Name_array id="Hips-Interpolations-array" count="56">
 LINEAR LINEAR LINEAR LINEAR LINEAR LINEAR LINEAR LINEAR LINEAR LINEAR LINEAR
LINEAR LINEAR LINEAR LINEAR LINEAR LINEAR LINEAR LINEAR LINEAR LINEAR LINEAR LINEAR
LINEAR LINEAR LINEAR LINEAR LINEAR LINEAR LINEAR LINEAR LINEAR LINEAR LINEAR LINEAR
LINEAR LINEAR LINEAR LINEAR LINEAR LINEAR LINEAR LINEAR LINEAR LINEAR LINEAR LINEAR
LINEAR LINEAR LINEAR LINEAR LINEAR LINEAR LINEAR LINEAR LINEAR</Name_array><technique_common><accessor source="#Hips-Interpolations-array" count="56"><param type="name"/></accessor></technique_common></source><sampler id="Hips-Matrix-animation-transform"><input semantic="INPUT" source="#Hips-Matrix-animation-input"/><input semantic="OUTPUT" source="#Hips-Matrix-animation-output-transform"/><input semantic="INTERPOLATION" source="#Hips-Interpolations"/></sampler><channel source="#Hips-Matrix-animation-transform" target="Hips/matrix"/></animation>
    <animation id="Spine-anim" name="Spine"><source id="Spine-Matrix-animation-input"><float_array id="Spine-Matrix-animation-input-array" count="56">

0.000000 0.033333 0.066667 0.100000 0.133333 0.166667 0.200000 0.233333 0.266667 0.300000 0.333333 0.366667 0.400000 0.433333 0.466667 0.500000
0.533333 0.566667 0.600000 0.633333 0.666667 0.700000 0.733333 0.766667 0.800000 0.833333 0.866667 0.900000 0.933333 0.966667 1.000000 1.033333
1.066667 1.100000 1.133333 1.166667 1.200000 1.233333 1.266667 1.300000 1.333333 1.366667 1.400000 1.433333 1.466667 1.500000 1.533333 1.566667
1.600000 1.633333 1.666667 1.700000 1.733333 1.766667 1.800000 1.833333</float_array><technique_common><accessor source="#Spine-Matrix-animation-input-array" count="56"><param name="TIME" type="float"/></accessor></technique_common></source><source id="Spine-Matrix-animation-output-transform"><float_array id="Spine-Matrix-animation-output-transform-array" count="896">

0.914799 0.256463 0.312041 0.000000 -0.194895 0.956940 -0.215131 5.245300 -0.353778 0.135987 0.925391 0.258800 0.000000 0.000000 0.000000 1.000000
0.914799 0.256463 0.312041 0.000000 -0.194895 0.956940 -0.215131 5.245300 -0.353778 0.135987 0.925391 0.258800 0.000000 0.000000 0.000000 1.000000
0.914799 0.256463 0.312041 0.000000 -0.194895 0.956940 -0.215131 5.245300 -0.353778 0.135987 0.925391 0.258800 0.000000 0.000000 0.000000 1.000000
0.914799 0.256463 0.312041 -0.000000 -0.194895 0.956940 -0.215131 5.245300 -0.353778 0.135987 0.925391 0.258800 0.000000 0.000000 0.000000 1.000000
0.914799 0.256462 0.312041 -0.000000 -0.194895 0.956940 -0.215131 5.245300 -0.353778 0.135986 0.925391 0.258800 0.000000 0.000000 0.000000 1.000000
0.914799 0.256462 0.312041 0.000000 -0.194895 0.956940 -0.215131 5.245300 -0.353778 0.135987 0.925391 0.258800 0.000000 0.000000 0.000000 1.000000
0.914799 0.256462 0.312042 0.000000 -0.194895 0.956940 -0.215131 5.245300 -0.353778 0.135987 0.925391 0.258800 0.000000 0.000000 0.000000 1.000000
0.914799 0.256463 0.312042 0.000000 -0.194895 0.956940 -0.215131 5.245300 -0.353778 0.135987 0.925391 0.258800 0.000000 0.000000 0.000000 1.000000
0.914799 0.256463 0.312041 -0.000000 -0.194895 0.956940 -0.215131 5.245300 -0.353778 0.135987 0.925391 0.258800 0.000000 0.000000 0.000000 1.000000
0.914799 0.256463 0.312041 0.000000 -0.194895 0.956940 -0.215131 5.245300 -0.353778 0.135987 0.925391 0.258800 0.000000 0.000000 0.000000 1.000000
0.914799 0.256462 0.312042 0.000000 -0.194895 0.956940 -0.215131 5.245300 -0.353778 0.135987 0.925391 0.258800 0.000000 0.000000 0.000000 1.000000
0.914799 0.256463 0.312042 0.000000 -0.194895 0.956940 -0.215131 5.245300 -0.353779 0.135987 0.925391 0.258800 0.000000 0.000000 0.000000 1.000000
0.914799 0.256463 0.312041 0.000000 -0.194895 0.956940 -0.215131 5.245300 -0.353778 0.135987 0.925391 0.258800 0.000000 0.000000 0.000000 1.000000
0.914799 0.256463 0.312042 0.000000 -0.194895 0.956940 -0.215131 5.245300 -0.353778 0.135986 0.925391 0.258800 0.000000 0.000000 0.000000 1.000000
0.914799 0.256462 0.312041 0.000000 -0.194895 0.956940 -0.215131 5.245300 -0.353778 0.135986 0.925391 0.258800 0.000000 0.000000 0.000000 1.000000
0.914799 0.256463 0.312042 -0.000000 -0.194895 0.956940 -0.215131 5.245300 -0.353778 0.135986 0.925391 0.258800 0.000000 0.000000 0.000000 1.000000
0.914799 0.256462 0.312042 -0.000000 -0.194895 0.956940 -0.215131 5.245300 -0.353778 0.135986 0.925391 0.258800 0.000000 0.000000 0.000000 1.000000
0.914799 0.256463 0.312042 0.000000 -0.194895 0.956940 -0.215131 5.245300 -0.353779 0.135986 0.925391 0.258800 0.000000 0.000000 0.000000 1.000000
0.914799 0.256463 0.312041 0.000000 -0.194895 0.956940 -0.215131 5.245300 -0.353778 0.135987 0.925391 0.258800 0.000000 0.000000 0.000000 1.000000
0.914799 0.256462 0.312041 0.000000 -0.194894 0.956940 -0.215131 5.245300 -0.353778 0.135987 0.925391 0.258800 0.000000 0.000000 0.000000 1.000000
0.914799 0.256463 0.312042 -0.000000 -0.194895 0.956940 -0.215131 5.245300 -0.353779 0.135987 0.925391 0.258800 0.000000 0.000000 0.000000 1.000000
0.914799 0.256463 0.312042 -0.000000 -0.194895 0.956940 -0.215131 5.245300 -0.353778 0.135987 0.925391 0.258800 0.000000 0.000000 0.000000 1.000000
0.914799 0.256462 0.312041 0.000000 -0.194895 0.956940 -0.215131 5.245300 -0.353778 0.135987 0.925391 0.258800 0.000000 0.000000 0.000000 1.000000
0.914799 0.256463 0.312042 0.000000 -0.194895 0.956940 -0.215131 5.245300 -0.353778 0.135987 0.925391 0.258800 0.000000 0.000000 0.000000 1.000000
0.914799 0.256463 0.312042 0.000000 -0.194895 0.956940 -0.215131 5.245300 -0.353778 0.135986 0.925391 0.258800 0.000000 0.000000 0.000000 1.000000
0.914799 0.256462 0.312041 0.000000 -0.194895 0.956940 -0.215131 5.245300 -0.353778 0.135986 0.925391 0.258800 0.000000 0.000000 0.000000 1.000000
0.914799 0.256462 0.312041 0.000000 -0.194895 0.956940 -0.215131 5.245300 -0.353778 0.135987 0.925391 0.258800 0.000000 0.000000 0.000000 1.000000
0.914799 0.256462 0.312041 0.000000 -0.194895 0.956940 -0.215131 5.245300 -0.353778 0.135987 0.925391 0.258800 0.000000 0.000000 0.000000 1.000000
0.914799 0.256463 0.312042 0.000000 -0.194895 0.956940 -0.215131 5.245300 -0.353778 0.135986 0.925391 0.258800 0.000000 0.000000 0.000000 1.000000
0.914799 0.256463 0.312041 0.000000 -0.194895 0.956940 -0.215131 5.245300 -0.353778 0.135987 0.925391 0.258800 0.000000 0.000000 0.000000 1.000000
0.914799 0.256463 0.312042 0.000000 -0.194895 0.956940 -0.215131 5.245300 -0.353778 0.135987 0.925391 0.258800 0.000000 0.000000 0.000000 1.000000
0.914799 0.256463 0.312042 0.000000 -0.194895 0.956940 -0.215131 5.245300 -0.353778 0.135986 0.925391 0.258800 0.000000 0.000000 0.000000 1.000000
0.914799 0.256463 0.312040 0.000000 -0.194895 0.956940 -0.215131 5.245300 -0.353777 0.135987 0.925391 0.258800 0.000000 0.000000 0.000000 1.000000
0.914799 0.256463 0.312041 0.000000 -0.194895 0.956940 -0.215131 5.245300 -0.353778 0.135987 0.925391 0.258800 0.000000 0.000000 0.000000 1.000000
0.914799 0.256463 0.312041 0.000000 -0.194895 0.956940 -0.215131 5.245300 -0.353778 0.135987 0.925391 0.258800 0.000000 0.000000 0.000000 1.000000
0.914799 0.256462 0.312042 0.000000 -0.194895 0.956940 -0.215131 5.245300 -0.353778 0.135987 0.925391 0.258800 0.000000 0.000000 0.000000 1.000000
0.914799 0.256463 0.312042 0.000000 -0.194895 0.956940 -0.215131 5.245300 -0.353778 0.135987 0.925391 0.258800 0.000000 0.000000 0.000000 1.000000
0.914799 0.256463 0.312042 0.000000 -0.194895 0.956940 -0.215131 5.245300 -0.353778 0.135987 0.925391 0.258800 0.000000 0.000000 0.000000 1.000000
0.914799 0.256463 0.312042 0.000000 -0.194895 0.956940 -0.215131 5.245300 -0.353779 0.135986 0.925391 0.258800 0.000000 0.000000 0.000000 1.000000
0.914799 0.256462 0.312042 0.000000 -0.194895 0.956940 -0.215131 5.245300 -0.353778 0.135986 0.925391 0.258800 0.000000 0.000000 0.000000 1.000000
0.914799 0.256463 0.312041 0.000000 -0.194895 0.956940 -0.215131 5.245300 -0.353778 0.135987 0.925391 0.258800 0.000000 0.000000 0.000000 1.000000
0.914799 0.256463 0.312042 0.000000 -0.194895 0.956940 -0.215131 5.245300 -0.353778 0.135986 0.925391 0.258800 0.000000 0.000000 0.000000 1.000000
0.914799 0.256462 0.312041 -0.000000 -0.194895 0.956940 -0.215131 5.245300 -0.353778 0.135986 0.925391 0.258800 0.000000 0.000000 0.000000 1.000000
0.914799 0.256463 0.312041 0.000000 -0.194895 0.956940 -0.215131 5.245300 -0.353778 0.135987 0.925391 0.258800 0.000000 0.000000 0.000000 1.000000
0.914799 0.256463 0.312042 0.000000 -0.194895 0.956940 -0.215131 5.245300 -0.353779 0.135986 0.925391 0.258800 0.000000 0.000000 0.000000 1.000000
0.914799 0.256462 0.312041 0.000000 -0.194895 0.956940 -0.215131 5.245300 -0.353777 0.135987 0.925391 0.258800 0.000000 0.000000 0.000000 1.000000
0.914799 0.256462 0.312041 -0.000000 -0.194895 0.956940 -0.215131 5.245300 -0.353777 0.135987 0.925391 0.258800 0.000000 0.000000 0.000000 1.000000
0.914799 0.256463 0.312042 0.000000 -0.194895 0.956940 -0.215131 5.245300 -0.353778 0.135987 0.925391 0.258800 0.000000 0.000000 0.000000 1.000000
0.914799 0.256463 0.312041 0.000000 -0.194895 0.956940 -0.215131 5.245300 -0.353778 0.135987 0.925391 0.258800 0.000000 0.000000 0.000000 1.000000
0.914799 0.256463 0.312041 -0.000000 -0.194895 0.956940 -0.215131 5.245300 -0.353778 0.135986 0.925391 0.258800 0.000000 0.000000 0.000000 1.000000
0.914799 0.256462 0.312042 0.000000 -0.194895 0.956940 -0.215131 5.245300 -0.353778 0.135986 0.925391 0.258800 0.000000 0.000000 0.000000 1.000000
0.914799 0.256463 0.312042 0.000000 -0.194895 0.956940 -0.215131 5.245300 -0.353778 0.135987 0.925391 0.258800 0.000000 0.000000 0.000000 1.000000
0.914799 0.256463 0.312041 -0.000000 -0.194895 0.956940 -0.215131 5.245300 -0.353777 0.135986 0.925391 0.258800 0.000000 0.000000 0.000000 1.000000
0.914799 0.256463 0.312042 0.000000 -0.194895 0.956940 -0.215131 5.245300 -0.353778 0.135986 0.925391 0.258800 0.000000 0.000000 0.000000 1.000000
0.914799 0.256463 0.312041 0.000000 -0.194895 0.956940 -0.215131 5.245300 -0.353778 0.135987 0.925391 0.258800 0.000000 0.000000 0.000000 1.000000
0.914799 0.256463 0.312042 0.000000 -0.194895 0.956940 -0.215131 5.245300 -0.353778 0.135987 0.925391 0.258800 0.000000 0.000000 0.000000 1.000000</float_array><technique_common><accessor source="#Spine-Matrix-animation-output-transform-array" count="56" stride="16"><param type="float4x4"/></accessor></technique_common></source><source id="Spine-Interpolations"><Name_array id="Spine-Interpolations-array" count="56">
 LINEAR LINEAR LINEAR LINEAR LINEAR LINEAR LINEAR LINEAR LINEAR LINEAR LINEAR
LINEAR LINEAR LINEAR LINEAR LINEAR LINEAR LINEAR LINEAR LINEAR LINEAR LINEAR LINEAR
LINEAR LINEAR LINEAR LINEAR LINEAR LINEAR LINEAR LINEAR LINEAR LINEAR LINEAR LINEAR
LINEAR LINEAR LINEAR LINEAR LINEAR LINEAR LINEAR LINEAR LINEAR LINEAR LINEAR LINEAR
LINEAR LINEAR LINEAR LINEAR LINEAR LINEAR LINEAR LINEAR LINEAR</Name_array><technique_common><accessor source="#Spine-Interpolations-array" count="56"><param type="name"/></accessor></technique_common></source><sampler id="Spine-Matrix-animation-transform"><input semantic="INPUT" source="#Spine-Matrix-animation-input"/><input semantic="OUTPUT" source="#Spine-Matrix-animation-output-transform"/><input semantic="INTERPOLATION" source="#Spine-Interpolations"/></sampler><channel source="#Spine-Matrix-animation-transform" target="Spine/matrix"/></animation>
    <animation id="Spine1-anim" name="Spine1"><source id="Spine1-Matrix-animation-input"><float_array id="Spine1-Matrix-animation-input-array" count="56">

0.000000 0.033333 0.066667 0.100000 0.133333 0.166667 0.200000 0.233333 0.266667 0.300000 0.333333 0.366667 0.400000 0.433333 0.466667 0.500000
0.533333 0.566667 0.600000 0.633333 0.666667 0.700000 0.733333 0.766667 0.800000 0.833333 0.866667 0.900000 0.933333 0.966667 1.000000 1.033333
1.066667 1.100000 1.133333 1.166667 1.200000 1.233333 1.266667 1.300000 1.333333 1.366667 1.400000 1.433333 1.466667 1.500000 1.533333 1.566667
1.600000 1.633333 1.666667 1.700000 1.733333 1.766667 1.800000 1.833333</float_array><technique_common><accessor source="#Spine1-Matrix-animation-input-array" count="56"><param name="TIME" type="float"/></accessor></technique_common></source><source id="Spine1-Matrix-animation-output-transform"><float_array id="Spine1-Matrix-animation-output-transform-array" count="896">

0.921541 0.080374 0.379871 -0.031400 -0.021647 0.987454 -0.156415 11.044900 -0.387677 0.135920 0.911719 -0.697600 0.000000 0.000000 0.000000 1.000000
0.921541 0.080374 0.379871 -0.031400 -0.021647 0.987454 -0.156415 11.044900 -0.387677 0.135920 0.911719 -0.697600 0.000000 0.000000 0.000000 1.000000
0.921541 0.080374 0.379871 -0.031400 -0.021647 0.987454 -0.156415 11.044900 -0.387677 0.135920 0.911719 -0.697600 0.000000 0.000000 0.000000 1.000000
0.921541 0.080374 0.379871 -0.031400 -0.021647 0.987454 -0.156415 11.044900 -0.387677 0.135920 0.911719 -0.697600 0.000000 0.000000 0.000000 1.000000
0.921541 0.080374 0.379871 -0.031400 -0.021647 0.987454 -0.156415 11.044900 -0.387677 0.135920 0.911719 -0.697600 0.000000 0.000000 0.000000 1.000000
0.921541 0.080374 0.379871 -0.031400 -0.021647 0.987454 -0.156415 11.044900 -0.387677 0.135920 0.911719 -0.697600 0.000000 0.000000 0.000000 1.000000
0.921541 0.080374 0.379871 -0.031400 -0.021647 0.987454 -0.156415 11.044900 -0.387677 0.135920 0.911719 -0.697600 0.000000 0.000000 0.000000 1.000000
0.921541 0.080374 0.379871 -0.031400 -0.021647 0.987454 -0.156415 11.044900 -0.387677 0.135920 0.911719 -0.697600 0.000000 0.000000 0.000000 1.000000
0.921541 0.080374 0.379871 -0.031400 -0.021647 0.987454 -0.156415 11.044900 -0.387677 0.135920 0.911719 -0.697600 0.000000 0.000000 0.000000 1.000000
0.921541 0.080374 0.379871 -0.031400 -0.021647 0.987454 -0.156415 11.044900 -0.387677 0.135920 0.911719 -0.697600 0.000000 0.000000 0.000000 1.000000
0.921541 0.080374 0.379871 -0.031400 -0.021647 0.987454 -0.156415 11.044900 -0.387677 0.135920 0.911719 -0.697600 0.000000 0.000000 0.000000 1.000000
0.921541 0.080374 0.379871 -0.031400 -0.021647 0.987454 -0.156415 11.044900 -0.387677 0.135920 0.911720 -0.697600 0.000000 0.000000 0.000000 1.000000
0.921541 0.080374 0.379872 -0.031400 -0.021647 0.987454 -0.156415 11.044900 -0.387677 0.135920 0.911719 -0.697600 0.000000 0.000000 0.000000 1.000000
0.921541 0.080374 0.379871 -0.031400 -0.021647 0.987454 -0.156415 11.044900 -0.387677 0.135920 0.911719 -0.697600 0.000000 0.000000 0.000000 1.000000
0.921541 0.080374 0.379871 -0.031400 -0.021647 0.987454 -0.156415 11.044900 -0.387677 0.135920 0.911719 -0.697600 0.000000 0.000000 0.000000 1.000000
0.921541 0.080374 0.379871 -0.031400 -0.021647 0.987454 -0.156415 11.044900 -0.387677 0.135920 0.911719 -0.697600 0.000000 0.000000 0.000000 1.000000
0.921541 0.080374 0.379871 -0.031400 -0.021647 0.987454 -0.156415 11.044900 -0.387677 0.135920 0.911719 -0.697600 0.000000 0.000000 0.000000 1.000000
0.921541 0.080374 0.379871 -0.031400 -0.021647 0.987454 -0.156415 11.044900 -0.387677 0.135920 0.911719 -0.697600 0.000000 0.000000 0.000000 1.000000
0.921541 0.080374 0.379871 -0.031400 -0.021647 0.987454 -0.156415 11.044900 -0.387677 0.135920 0.911719 -0.697600 0.000000 0.000000 0.000000 1.000000
0.921541 0.080374 0.379871 -0.031400 -0.021647 0.987454 -0.156415 11.044900 -0.387677 0.135920 0.911719 -0.697600 0.000000 0.000000 0.000000 1.000000
0.921541 0.080374 0.379871 -0.031400 -0.021647 0.987454 -0.156415 11.044900 -0.387677 0.135920 0.911719 -0.697600 0.000000 0.000000 0.000000 1.000000
0.921541 0.080374 0.379871 -0.031400 -0.021647 0.987454 -0.156415 11.044900 -0.387677 0.135920 0.911719 -0.697600 0.000000 0.000000 0.000000 1.000000
0.921541 0.080374 0.379871 -0.031400 -0.021647 0.987454 -0.156415 11.044900 -0.387677 0.135920 0.911719 -0.697600 0.000000 0.000000 0.000000 1.000000
0.921541 0.080374 0.379871 -0.031400 -0.021647 0.987454 -0.156415 11.044900 -0.387677 0.135920 0.911719 -0.697600 0.000000 0.000000 0.000000 1.000000
0.921541 0.080374 0.379871 -0.031400 -0.021647 0.987454 -0.156415 11.044900 -0.387677 0.135920 0.911720 -0.697600 0.000000 0.000000 0.000000 1.000000
0.921541 0.080374 0.379871 -0.031400 -0.021647 0.987454 -0.156415 11.044900 -0.387677 0.135920 0.911719 -0.697600 0.000000 0.000000 0.000000 1.000000
0.921541 0.080374 0.379871 -0.031400 -0.021647 0.987454 -0.156415 11.044900 -0.387677 0.135920 0.911719 -0.697600 0.000000 0.000000 0.000000 1.000000
0.921541 0.080374 0.379871 -0.031400 -0.021647 0.987454 -0.156415 11.044900 -0.387677 0.135920 0.911719 -0.697600 0.000000 0.000000 0.000000 1.000000
0.921541 0.080374 0.379871 -0.031400 -0.021647 0.987454 -0.156415 11.044900 -0.387677 0.135920 0.911719 -0.697600 0.000000 0.000000 0.000000 1.000000
0.921541 0.080374 0.379871 -0.031400 -0.021647 0.987454 -0.156415 11.044900 -0.387677 0.135920 0.911719 -0.697600 0.000000 0.000000 0.000000 1.000000
0.921541 0.080374 0.379871 -0.031400 -0.021647 0.987454 -0.156415 11.044900 -0.387677 0.135920 0.911719 -0.697600 0.000000 0.000000 0.000000 1.000000
0.921541 0.080374 0.379871 -0.031400 -0.021647 0.987454 -0.156415 11.044900 -0.387677 0.135920 0.911720 -0.697600 0.000000 0.000000 0.000000 1.000000
0.921541 0.080374 0.379871 -0.031400 -0.021647 0.987454 -0.156415 11.044900 -0.387677 0.135920 0.911719 -0.697600 0.000000 0.000000 0.000000 1.000000
0.921541 0.080374 0.379871 -0.031400 -0.021647 0.987454 -0.156415 11.044900 -0.387677 0.135920 0.911719 -0.697600 0.000000 0.000000 0.000000 1.000000
0.921541 0.080374 0.379871 -0.031400 -0.021647 0.987454 -0.156415 11.044900 -0.387677 0.135920 0.911719 -0.697600 0.000000 0.000000 0.000000 1.000000
0.921541 0.080374 0.379871 -0.031400 -0.021647 0.987454 -0.156415 11.044900 -0.387677 0.135920 0.911719 -0.697600 0.000000 0.000000 0.000000 1.000000
0.921541 0.080374 0.379871 -0.031400 -0.021647 0.987454 -0.156415 11.044900 -0.387677 0.135920 0.911719 -0.697600 0.000000 0.000000 0.000000 1.000000
0.921541 0.080374 0.379871 -0.031400 -0.021647 0.987454 -0.156415 11.044900 -0.387677 0.135920 0.911719 -0.697600 0.000000 0.000000 0.000000 1.000000
0.921541 0.080374 0.379871 -0.031400 -0.021647 0.987454 -0.156415 11.044900 -0.387677 0.135920 0.911720 -0.697600 0.000000 0.000000 0.000000 1.000000
0.921541 0.080374 0.379871 -0.031400 -0.021647 0.987454 -0.156415 11.044900 -0.387677 0.135920 0.911719 -0.697600 0.000000 0.000000 0.000000 1.000000
0.921541 0.080374 0.379871 -0.031400 -0.021647 0.987454 -0.156415 11.044900 -0.387677 0.135920 0.911719 -0.697600 0.000000 0.000000 0.000000 1.000000
0.921541 0.080374 0.379871 -0.031400 -0.021647 0.987454 -0.156415 11.044900 -0.387677 0.135920 0.911719 -0.697600 0.000000 0.000000 0.000000 1.000000
0.921541 0.080374 0.379871 -0.031400 -0.021647 0.987454 -0.156415 11.044900 -0.387677 0.135920 0.911719 -0.697600 0.000000 0.000000 0.000000 1.000000
0.921541 0.080374 0.379871 -0.031400 -0.021647 0.987454 -0.156415 11.044900 -0.387677 0.135920 0.911719 -0.697600 0.000000 0.000000 0.000000 1.000000
0.921541 0.080374 0.379871 -0.031400 -0.021647 0.987454 -0.156415 11.044900 -0.387677 0.135920 0.911720 -0.697600 0.000000 0.000000 0.000000 1.000000
0.921541 0.080374 0.379871 -0.031400 -0.021647 0.987454 -0.156415 11.044900 -0.387677 0.135920 0.911719 -0.697600 0.000000 0.000000 0.000000 1.000000
0.921541 0.080374 0.379871 -0.031400 -0.021647 0.987454 -0.156415 11.044900 -0.387677 0.135920 0.911719 -0.697600 0.000000 0.000000 0.000000 1.000000
0.921541 0.080374 0.379871 -0.031400 -0.021647 0.987454 -0.156415 11.044900 -0.387677 0.135920 0.911719 -0.697600 0.000000 0.000000 0.000000 1.000000
0.921541 0.080374 0.379871 -0.031400 -0.021647 0.987454 -0.156415 11.044900 -0.387677 0.135920 0.911719 -0.697600 0.000000 0.000000 0.000000 1.000000
0.921541 0.080374 0.379871 -0.031400 -0.021647 0.987454 -0.156415 11.044900 -0.387677 0.135920 0.911719 -0.697600 0.000000 0.000000 0.000000 1.000000
0.921541 0.080374 0.379871 -0.031400 -0.021647 0.987454 -0.156415 11.044900 -0.387677 0.135920 0.911719 -0.697600 0.000000 0.000000 0.000000 1.000000
0.921541 0.080374 0.379871 -0.031400 -0.021647 0.987454 -0.156415 11.044900 -0.387677 0.135920 0.911719 -0.697600 0.000000 0.000000 0.000000 1.000000
0.921541 0.080374 0.379871 -0.031400 -0.021647 0.987454 -0.156415 11.044900 -0.387677 0.135920 0.911719 -0.697600 0.000000 0.000000 0.000000 1.000000
0.921541 0.080374 0.379871 -0.031400 -0.021647 0.987454 -0.156415 11.044900 -0.387677 0.135920 0.911719 -0.697600 0.000000 0.000000 0.000000 1.000000
0.921541 0.080374 0.379871 -0.031400 -0.021647 0.987454 -0.156415 11.044900 -0.387677 0.135920 0.911719 -0.697600 0.000000 0.000000 0.000000 1.000000
0.921541 0.080374 0.379871 -0.031400 -0.021647 0.987454 -0.156415 11.044900 -0.387677 0.135920 0.911719 -0.697600 0.000000 0.000000 0.000000 1.000000</float_array><technique_common><accessor source="#Spine1-Matrix-animation-output-transform-array" count="56" stride="16"><param type="float4x4"/></accessor></technique_common></source><source id="Spine1-Interpolations"><Name_array id="Spine1-Interpolations-array" count="56">
 LINEAR LINEAR LINEAR LINEAR LINEAR LINEAR LINEAR LINEAR LINEAR LINEAR LINEAR
LINEAR LINEAR LINEAR LINEAR LINEAR LINEAR LINEAR LINEAR LINEAR LINEAR LINEAR LINEAR
LINEAR LINEAR LINEAR LINEAR LINEAR LINEAR LINEAR LINEAR LINEAR LINEAR LINEAR LINEAR
LINEAR LINEAR LINEAR LINEAR LINEAR LINEAR LINEAR LINEAR LINEAR LINEAR LINEAR LINEAR
LINEAR LINEAR LINEAR LINEAR LINEAR LINEAR LINEAR LINEAR LINEAR</Name_array><technique_common><accessor source="#Spine1-Interpolations-array" count="56"><param type="name"/></accessor></technique_common></source><sampler id="Spine1-Matrix-animation-transform"><input semantic="INPUT" source="#Spine1-Matrix-animation-input"/><input semantic="OUTPUT" source="#Spine1-Matrix-animation-output-transform"/><input semantic="INTERPOLATION" source="#Spine1-Interpolations"/></sampler><channel source="#Spine1-Matrix-animation-transform" target="Spine1/matrix"/></animation>
    <animation id="Spine2-anim" name="Spine2"><source id="Spine2-Matrix-animation-input"><float_array id="Spine2-Matrix-animation-input-array" count="56">

0.000000 0.033333 0.066667 0.100000 0.133333 0.166667 0.200000 0.233333 0.266667 0.300000 0.333333 0.366667 0.400000 0.433333 0.466667 0.500000
0.533333 0.566667 0.600000 0.633333 0.666667 0.700000 0.733333 0.766667 0.800000 0.833333 0.866667 0.900000 0.933333 0.966667 1.000000 1.033333
1.066667 1.100000 1.133333 1.166667 1.200000 1.233333 1.266667 1.300000 1.333333 1.366667 1.400000 1.433333 1.466667 1.500000 1.533333 1.566667
1.600000 1.633333 1.666667 1.700000 1.733333 1.766667 1.800000 1.833333</float_array><technique_common><accessor source="#Spine2-Matrix-animation-input-array" count="56"><param name="TIME" type="float"/></accessor></technique_common></source><source id="Spine2-Matrix-animation-output-transform"><float_array id="Spine2-Matrix-animation-output-transform-array" count="896">

0.982706 0.112466 0.147108 -0.035900 -0.098598 0.990250 -0.098403 8.068900 -0.156741 0.082196 0.984213 -1.087700 0.000000 0.000000 0.000000 1.000000
0.982706 0.112466 0.147108 -0.035900 -0.098598 0.990250 -0.098403 8.068900 -0.156741 0.082196 0.984213 -1.087700 0.000000 0.000000 0.000000 1.000000
0.982706 0.112466 0.147108 -0.035900 -0.098598 0.990250 -0.098403 8.068900 -0.156741 0.082196 0.984213 -1.087700 0.000000 0.000000 0.000000 1.000000
0.982706 0.112466 0.147108 -0.035900 -0.098598 0.990250 -0.098403 8.068900 -0.156741 0.082196 0.984213 -1.087700 0.000000 0.000000 0.000000 1.000000
0.982706 0.112466 0.147108 -0.035900 -0.098598 0.990250 -0.098403 8.068900 -0.156741 0.082196 0.984213 -1.087700 0.000000 0.000000 0.000000 1.000000
0.982706 0.112466 0.147108 -0.035900 -0.098598 0.990250 -0.098403 8.068900 -0.156741 0.082196 0.984213 -1.087700 0.000000 0.000000 0.000000 1.000000
0.982706 0.112466 0.147108 -0.035900 -0.098598 0.990250 -0.098403 8.068900 -0.156741 0.082196 0.984213 -1.087700 0.000000 0.000000 0.000000 1.000000
0.982706 0.112466 0.147108 -0.035900 -0.098598 0.990250 -0.098403 8.068900 -0.156741 0.082196 0.984213 -1.087700 0.000000 0.000000 0.000000 1.000000
0.982706 0.112466 0.147108 -0.035900 -0.098598 0.990250 -0.098403 8.068900 -0.156741 0.082196 0.984213 -1.087700 0.000000 0.000000 0.000000 1.000000
0.982706 0.112466 0.147108 -0.035900 -0.098598 0.990250 -0.098403 8.068900 -0.156741 0.082196 0.984213 -1.087700 0.000000 0.000000 0.000000 1.000000
0.982706 0.112466 0.147108 -0.035900 -0.098598 0.990250 -0.098403 8.068900 -0.156741 0.082196 0.984213 -1.087700 0.000000 0.000000 0.000000 1.000000
0.982706 0.112466 0.147108 -0.035900 -0.098598 0.990250 -0.098403 8.068900 -0.156741 0.082196 0.984213 -1.087700 0.000000 0.000000 0.000000 1.000000
0.982706 0.112465 0.147108 -0.035900 -0.098598 0.990250 -0.098403 8.068900 -0.156741 0.082196 0.984213 -1.087700 0.000000 0.000000 0.000000 1.000000
0.982706 0.112466 0.147108 -0.035900 -0.098598 0.990250 -0.098403 8.068900 -0.156741 0.082196 0.984213 -1.087700 0.000000 0.000000 0.000000 1.000000
0.982706 0.112466 0.147108 -0.035900 -0.098598 0.990250 -0.098403 8.068900 -0.156741 0.082196 0.984213 -1.087700 0.000000 0.000000 0.000000 1.000000
0.982706 0.112466 0.147108 -0.035900 -0.098598 0.990250 -0.098403 8.068900 -0.156741 0.082196 0.984213 -1.087700 0.000000 0.000000 0.000000 1.000000
0.982706 0.112466 0.147109 -0.035900 -0.098598 0.990250 -0.098403 8.068900 -0.156741 0.082196 0.984213 -1.087700 0.000000 0.000000 0.000000 1.000000
0.982706 0.112466 0.147108 -0.035900 -0.098598 0.990250 -0.098403 8.068900 -0.156741 0.082196 0.984213 -1.087700 0.000000 0.000000 0.000000 1.000000
0.982706 0.112466 0.147108 -0.035900 -0.098598 0.990250 -0.098403 8.068900 -0.156741 0.082196 0.984213 -1.087700 0.000000 0.000000 0.000000 1.000000
0.982706 0.112466 0.147108 -0.035900 -0.098598 0.990250 -0.098403 8.068900 -0.156741 0.082196 0.984213 -1.087700 0.000000 0.000000 0.000000 1.000000
0.982706 0.112466 0.147108 -0.035900 -0.098598 0.990250 -0.098403 8.068900 -0.156741 0.082196 0.984213 -1.087700 0.000000 0.000000 0.000000 1.000000
0.982706 0.112466 0.147108 -0.035900 -0.098598 0.990250 -0.098403 8.068900 -0.156741 0.082196 0.984213 -1.087700 0.000000 0.000000 0.000000 1.000000
0.982706 0.112466 0.147108 -0.035900 -0.098598 0.990250 -0.098403 8.068900 -0.156741 0.082196 0.984213 -1.087700 0.000000 0.000000 0.000000 1.000000
0.982706 0.112466 0.147108 -0.035900 -0.098598 0.990250 -0.098403 8.068900 -0.156741 0.082196 0.984213 -1.087700 0.000000 0.000000 0.000000 1.000000
0.982706 0.112466 0.147108 -0.035900 -0.098598 0.990250 -0.098403 8.068900 -0.156741 0.082196 0.984213 -1.087700 0.000000 0.000000 0.000000 1.000000
0.982706 0.112466 0.147108 -0.035900 -0.098598 0.990250 -0.098403 8.068900 -0.156741 0.082196 0.984213 -1.087700 0.000000 0.000000 0.000000 1.000000
0.982706 0.112466 0.147108 -0.035900 -0.098598 0.990250 -0.098403 8.068900 -0.156741 0.082196 0.984213 -1.087700 0.000000 0.000000 0.000000 1.000000
0.982706 0.112466 0.147108 -0.035900 -0.098598 0.990250 -0.098403 8.068900 -0.156741 0.082196 0.984213 -1.087700 0.000000 0.000000 0.000000 1.000000
0.982706 0.112466 0.147108 -0.035900 -0.098598 0.990250 -0.098403 8.068900 -0.156741 0.082196 0.984213 -1.087700 0.000000 0.000000 0.000000 1.000000
0.982706 0.112466 0.147108 -0.035900 -0.098598 0.990250 -0.098403 8.068900 -0.156741 0.082196 0.984213 -1.087700 0.000000 0.000000 0.000000 1.000000
0.982706 0.112466 0.147108 -0.035900 -0.098598 0.990250 -0.098403 8.068900 -0.156741 0.082196 0.984213 -1.087700 0.000000 0.000000 0.000000 1.000000
0.982706 0.112466 0.147108 -0.035900 -0.098598 0.990250 -0.098403 8.068900 -0.156741 0.082196 0.984213 -1.087700 0.000000 0.000000 0.000000 1.000000
0.982706 0.112466 0.147108 -0.035900 -0.098598 0.990250 -0.098403 8.068900 -0.156741 0.082196 0.984213 -1.087700 0.000000 0.000000 0.000000 1.000000
0.982706 0.112466 0.147108 -0.035900 -0.098598 0.990250 -0.098403 8.068900 -0.156741 0.082196 0.984213 -1.087700 0.000000 0.000000 0.000000 1.000000
0.982706 0.112466 0.147108 -0.035900 -0.098598 0.990250 -0.098403 8.068900 -0.156741 0.082196 0.984213 -1.087700 0.000000 0.000000 0.000000 1.000000
0.982706 0.112466 0.147108 -0.035900 -0.098598 0.990250 -0.098403 8.068900 -0.156741 0.082196 0.984213 -1.087700 0.000000 0.000000 0.000000 1.000000
0.982706 0.112466 0.147108 -0.035900 -0.098598 0.990250 -0.098403 8.068900 -0.156741 0.082196 0.984213 -1.087700 0.000000 0.000000 0.000000 1.000000
0.982706 0.112466 0.147108 -0.035900 -0.098598 0.990250 -0.098403 8.068900 -0.156741 0.082196 0.984213 -1.087700 0.000000 0.000000 0.000000 1.000000
0.982706 0.112466 0.147108 -0.035900 -0.098598 0.990250 -0.098403 8.068900 -0.156741 0.082196 0.984213 -1.087700 0.000000 0.000000 0.000000 1.000000
0.982706 0.112466 0.147108 -0.035900 -0.098598 0.990250 -0.098403 8.068900 -0.156741 0.082196 0.984213 -1.087700 0.000000 0.000000 0.000000 1.000000
0.982706 0.112466 0.147108 -0.035900 -0.098598 0.990250 -0.098403 8.068900 -0.156741 0.082196 0.984213 -1.087700 0.000000 0.000000 0.000000 1.000000
0.982706 0.112466 0.147108 -0.035900 -0.098598 0.990250 -0.098403 8.068900 -0.156741 0.082196 0.984213 -1.087700 0.000000 0.000000 0.000000 1.000000
0.982706 0.112466 0.147108 -0.035900 -0.098598 0.990250 -0.098403 8.068900 -0.156741 0.082196 0.984213 -1.087700 0.000000 0.000000 0.000000 1.000000
0.982706 0.112466 0.147108 -0.035900 -0.098598 0.990250 -0.098403 8.068900 -0.156741 0.082196 0.984213 -1.087700 0.000000 0.000000 0.000000 1.000000
0.982706 0.112466 0.147108 -0.035900 -0.098598 0.990250 -0.098403 8.068900 -0.156741 0.082196 0.984213 -1.087700 0.000000 0.000000 0.000000 1.000000
0.982706 0.112466 0.147108 -0.035900 -0.098598 0.990250 -0.098403 8.068900 -0.156741 0.082196 0.984213 -1.087700 0.000000 0.000000 0.000000 1.000000
0.982706 0.112466 0.147108 -0.035900 -0.098598 0.990250 -0.098403 8.068900 -0.156741 0.082196 0.984213 -1.087700 0.000000 0.000000 0.000000 1.000000
