<?xml version="1.0" encoding="utf-8"?>
<COLLADA xmlns="http://www.collada.org/2005/11/COLLADASchema" version="1.4.1">
  <asset><contributor><author>Mixamo</author><authoring_tool>COLLADA Mixamo exporter</authoring_tool><comments></comments></contributor><created>2020-10-23T04:53:40Z</created><modified>2020-10-23T04:53:40Z</modified><revision></revision><title></title><unit meter="0.010000"/><up_axis>Y_UP</up_axis></asset>
  <library_animations>
    <animation id="Hips-anim" name="Hips"><source id="Hips-Matrix-animation-input"><float_array id="Hips-Matrix-animation-input-array" count="149">

0.000000 0.033333 0.066667 0.100000 0.133333 0.166667 0.200000 0.233333 0.266667 0.300000 0.333333 0.366667 0.400000 0.433333 0.466667 0.500000
0.533333 0.566667 0.600000 0.633333 0.666667 0.700000 0.733333 0.766667 0.800000 0.833333 0.866667 0.900000 0.933333 0.966667 1.000000 1.033333
1.066667 1.100000 1.133333 1.166667 1.200000 1.233333 1.266667 1.300000 1.333333 1.366667 1.400000 1.433333 1.466667 1.500000 1.533333 1.566667
1.600000 1.633333 1.666667 1.700000 1.733333 1.766667 1.800000 1.833333 1.866667 1.900000 1.933333 1.966667 2.000000 2.033333 2.066667 2.100000
2.133333 2.166667 2.200000 2.233333 2.266667 2.300000 2.333333 2.366667 2.400000 2.433333 2.466667 2.500000 2.533333 2.566667 2.600000 2.633333
2.666667 2.700000 2.733333 2.766667 2.800000 2.833333 2.866667 2.900000 2.933333 2.966667 3.000000 3.033333 3.066667 3.100000 3.133333 3.166667
3.200000 3.233333 3.266667 3.300000 3.333333 3.366667 3.400000 3.433333 3.466667 3.500000 3.533333 3.566667 3.600000 3.633333 3.666667 3.700000
3.733333 3.766667 3.800000 3.833333 3.866667 3.900000 3.933333 3.966667 4.000000 4.033333 4.066667 4.100000 4.133333 4.166667 4.200000 4.233333
4.266667 4.300000 4.333333 4.366667 4.400000 4.433333 4.466667 4.500000 4.533333 4.566667 4.600000 4.633333 4.666667 4.700000 4.733333 4.766667
4.800000 4.833333 4.866667 4.900000 4.933333</float_array><technique_common><accessor source="#Hips-Matrix-animation-input-array" count="149"><param name="TIME" type="float"/></accessor></technique_common></source><source id="Hips-Matrix-animation-output-transform"><float_array id="Hips-Matrix-animation-output-transform-array" count="2384">

0.422944 0.303107 0.853958 1.976213 0.273302 0.855842 -0.439136 80.029320 -0.863958 0.419119 0.279133 0.334629 0.000000 0.000000 0.000000 1.000000
0.414180 0.306203 0.857143 2.023571 0.271378 0.857339 -0.437406 80.001228 -0.868797 0.413775 0.271995 0.402475 0.000000 0.000000 0.000000 1.000000
0.403627 0.309023 0.861156 2.095059 0.269002 0.859548 -0.434528 79.996201 -0.874484 0.407040 0.263809 0.497954 0.000000 0.000000 0.000000 1.000000
0.390895 0.310670 0.866421 2.176638 0.267200 0.862479 -0.429807 80.062134 -0.880798 0.399517 0.254128 0.638964 0.000000 0.000000 0.000000 1.000000
0.375640 0.312047 0.872652 2.195531 0.264887 0.866179 -0.423756 80.240990 -0.888104 0.390333 0.242714 0.851618 0.000000 0.000000 0.000000 1.000000
0.361525 0.316622 0.876955 2.025073 0.255098 0.871093 -0.419670 80.499962 -0.896786 0.375431 0.234152 1.162345 0.000000 0.000000 0.000000 1.000000
0.354380 0.329279 0.875209 1.572096 0.228073 0.877248 -0.422395 80.652466 -0.906861 0.349300 0.235779 1.608525 0.000000 0.000000 0.000000 1.000000
0.354814 0.353447 0.865553 0.865489 0.181657 0.882082 -0.434662 80.393051 -0.917119 0.311458 0.248769 2.229897 0.000000 0.000000 0.000000 1.000000
0.353956 0.389021 0.850516 0.030857 0.127979 0.880688 -0.456082 79.456741 -0.926465 0.270281 0.261938 3.052385 0.000000 0.000000 0.000000 1.000000
0.340573 0.432644 0.834763 -0.835363 0.084938 0.870052 -0.485587 77.796234 -0.936374 0.236281 0.259568 4.038720 0.000000 0.000000 0.000000 1.000000
0.311844 0.479078 0.820511 -1.711769 0.061602 0.851563 -0.520621 75.555077 -0.948134 0.212897 0.236043 5.142659 0.000000 0.000000 0.000000 1.000000
0.275641 0.521846 0.807279 -2.595062 0.053504 0.830182 -0.554919 72.922241 -0.959771 0.196151 0.200911 6.363234 0.000000 0.000000 0.000000 1.000000
0.243197 0.555001 0.795505 -3.436511 0.049939 0.811876 -0.581690 70.090317 -0.968691 0.181191 0.169730 7.722968 0.000000 0.000000 0.000000 1.000000
0.220593 0.577092 0.786322 -4.173066 0.042386 0.799749 -0.598837 67.291756 -0.974445 0.165428 0.151958 9.182651 0.000000 0.000000 0.000000 1.000000
0.206460 0.592317 0.778803 -4.789942 0.028650 0.791951 -0.609912 64.761925 -0.978035 0.148235 0.146537 10.625797 0.000000 0.000000 0.000000 1.000000
0.196061 0.606483 0.770544 -5.316543 0.012589 0.784174 -0.620414 62.626362 -0.980511 0.131339 0.146111 11.931700 0.000000 0.000000 0.000000 1.000000
0.186190 0.622043 0.760523 -5.788480 0.000700 0.773975 -0.633216 60.897385 -0.982514 0.118430 0.143671 13.058749 0.000000 0.000000 0.000000 1.000000
0.177051 0.637625 0.749725 -6.210374 -0.004012 0.762220 -0.647305 59.520477 -0.984194 0.111598 0.137510 14.014497 0.000000 0.000000 0.000000 1.000000
0.170493 0.651067 0.739624 -6.566264 -0.004096 0.751076 -0.660203 58.473473 -0.985350 0.109531 0.130719 14.810729 0.000000 0.000000 0.000000 1.000000
0.167858 0.661551 0.730872 -6.837195 -0.004013 0.741844 -0.670561 57.761787 -0.985803 0.109627 0.127179 15.442289 0.000000 0.000000 0.000000 1.000000
0.169237 0.669252 0.723506 -7.015159 -0.005306 0.734703 -0.678368 57.362671 -0.985561 0.110966 0.127890 15.906206 0.000000 0.000000 0.000000 1.000000
0.173657 0.674267 0.717780 -7.108813 -0.006223 0.729590 -0.683856 57.208607 -0.984786 0.114290 0.130894 16.228666 0.000000 0.000000 0.000000 1.000000
0.179635 0.676466 0.714230 -7.129007 -0.005168 0.726679 -0.686957 57.207588 -0.983720 0.119710 0.134033 16.457554 0.000000 0.000000 0.000000 1.000000
0.185639 0.675905 0.713225 -7.084458 -0.002641 0.726183 -0.687497 57.293304 -0.982614 0.125742 0.136593 16.648619 0.000000 0.000000 0.000000 1.000000
0.190517 0.673017 0.714668 -6.982078 -0.000167 0.728025 -0.685551 57.432510 -0.981684 0.130489 0.138813 16.842047 0.000000 0.000000 0.000000 1.000000
0.193689 0.668490 0.718057 -6.831048 0.001554 0.731707 -0.681617 57.600960 -0.981062 0.133137 0.140685 17.048468 0.000000 0.000000 0.000000 1.000000
0.195129 0.663057 0.722690 -6.646729 0.003041 0.736441 -0.676495 57.778557 -0.980773 0.134202 0.141684 17.259853 0.000000 0.000000 0.000000 1.000000
0.195342 0.657327 0.727848 -6.444062 0.004883 0.741484 -0.670953 57.953392 -0.980723 0.134619 0.141633 17.462870 0.000000 0.000000 0.000000 1.000000
0.195157 0.651651 0.732984 -6.231535 0.006869 0.746427 -0.665432 58.125488 -0.980748 0.134899 0.141194 17.645409 0.000000 0.000000 0.000000 1.000000
0.195271 0.646208 0.737756 -6.013231 0.008401 0.751107 -0.660127 58.302486 -0.980713 0.135102 0.141240 17.795500 0.000000 0.000000 0.000000 1.000000
0.195918 0.641269 0.741883 -5.794685 0.009355 0.755287 -0.655327 58.491188 -0.980576 0.135330 0.141975 17.898954 0.000000 0.000000 0.000000 1.000000
0.197017 0.637250 0.745048 -5.583965 0.010205 0.758569 -0.651513 58.691589 -0.980347 0.135962 0.142948 17.941738 0.000000 0.000000 0.000000 1.000000
0.198495 0.634323 0.747151 -5.386810 0.011423 0.760771 -0.648920 58.896927 -0.980035 0.137342 0.143763 17.916609 0.000000 0.000000 0.000000 1.000000
0.200276 0.632042 0.748607 -5.202367 0.013094 0.762293 -0.647100 59.097321 -0.979652 0.139401 0.144393 17.827387 0.000000 0.000000 0.000000 1.000000
0.202040 0.629684 0.750118 -5.025511 0.015146 0.763813 -0.645260 59.283100 -0.979260 0.141730 0.144783 17.685352 0.000000 0.000000 0.000000 1.000000
0.203266 0.627125 0.751929 -4.853192 0.017612 0.765495 -0.643200 59.447289 -0.978965 0.143983 0.144554 17.502167 0.000000 0.000000 0.000000 1.000000
0.203670 0.625123 0.753485 -4.687281 0.020431 0.766735 -0.641639 59.586803 -0.978826 0.146077 0.143389 17.288021 0.000000 0.000000 0.000000 1.000000
0.203481 0.624490 0.754061 -4.531039 0.023192 0.766883 -0.641368 59.699383 -0.978804 0.147994 0.141563 17.055120 0.000000 0.000000 0.000000 1.000000
0.203128 0.625111 0.753641 -4.386510 0.025404 0.766064 -0.642262 59.782303 -0.978823 0.149607 0.139729 16.822004 0.000000 0.000000 0.000000 1.000000
0.202763 0.626074 0.752940 -4.253546 0.026993 0.765046 -0.643410 59.831882 -0.978856 0.150783 0.138223 16.607241 0.000000 0.000000 0.000000 1.000000
0.202226 0.626645 0.752609 -4.130759 0.028275 0.764430 -0.644086 59.846107 -0.978931 0.151531 0.136869 16.419832 0.000000 0.000000 0.000000 1.000000
0.201454 0.626781 0.752703 -4.016603 0.029409 0.764241 -0.644260 59.825371 -0.979056 0.151925 0.135526 16.256832 0.000000 0.000000 0.000000 1.000000
0.200705 0.626756 0.752924 -3.910160 0.030084 0.764257 -0.644210 59.770790 -0.979190 0.151947 0.134535 16.109232 0.000000 0.000000 0.000000 1.000000
0.200318 0.626650 0.753115 -3.811172 0.029939 0.764421 -0.644022 59.684265 -0.979273 0.151557 0.134367 15.967348 0.000000 0.000000 0.000000 1.000000
0.200404 0.626352 0.753340 -3.719656 0.029122 0.764791 -0.643620 59.570766 -0.979280 0.150923 0.135026 15.821338 0.000000 0.000000 0.000000 1.000000
0.200882 0.625816 0.753659 -3.635233 0.028220 0.765325 -0.643025 59.438339 -0.979209 0.150441 0.136080 15.661729 0.000000 0.000000 0.000000 1.000000
0.201683 0.625104 0.754035 -3.556591 0.027682 0.765909 -0.642352 59.294460 -0.979060 0.150424 0.137167 15.483157 0.000000 0.000000 0.000000 1.000000
0.202710 0.624245 0.754471 -3.481518 0.027526 0.766530 -0.641618 59.144341 -0.978852 0.150830 0.138200 15.286551 0.000000 0.000000 0.000000 1.000000
0.203741 0.623144 0.755103 -3.408442 0.027570 0.767323 -0.640667 58.992287 -0.978636 0.151348 0.139156 15.077651 0.000000 0.000000 0.000000 1.000000
0.204601 0.621641 0.756109 -3.338713 0.027695 0.768464 -0.639293 58.842243 -0.978454 0.151741 0.140012 14.865160 0.000000 0.000000 0.000000 1.000000
0.205428 0.619604 0.757555 -3.276547 0.027801 0.770057 -0.637369 58.696297 -0.978277 0.151994 0.140966 14.661200 0.000000 0.000000 0.000000 1.000000
0.206526 0.617056 0.759335 -3.224940 0.027679 0.772071 -0.634934 58.553452 -0.978050 0.152148 0.142373 14.480276 0.000000 0.000000 0.000000 1.000000
0.207880 0.614245 0.761242 -3.181188 0.027165 0.774317 -0.632214 58.410564 -0.977777 0.152104 0.144279 14.334366 0.000000 0.000000 0.000000 1.000000
0.209063 0.611507 0.763120 -3.138020 0.026347 0.776559 -0.629494 58.262169 -0.977547 0.151710 0.146239 14.228725 0.000000 0.000000 0.000000 1.000000
0.209735 0.608983 0.764952 -3.090400 0.025423 0.778691 -0.626892 58.098850 -0.977428 0.150929 0.147836 14.163437 0.000000 0.000000 0.000000 1.000000
0.210052 0.606547 0.766798 -3.040903 0.024342 0.780808 -0.624297 57.908936 -0.977387 0.149801 0.149246 14.137947 0.000000 0.000000 0.000000 1.000000
0.210394 0.604039 0.768681 -2.997448 0.022830 0.783031 -0.621564 57.686958 -0.977350 0.148323 0.150955 14.151498 0.000000 0.000000 0.000000 1.000000
0.210834 0.601512 0.770540 -2.965732 0.020843 0.785313 -0.618748 57.441879 -0.977300 0.146514 0.153033 14.199989 0.000000 0.000000 0.000000 1.000000
0.211105 0.599177 0.772283 -2.945018 0.018750 0.787461 -0.616079 57.194294 -0.977284 0.144538 0.155002 14.276088 0.000000 0.000000 0.000000 1.000000
0.210998 0.597191 0.773849 -2.930919 0.016923 0.789322 -0.613746 56.962181 -0.977340 0.142595 0.156440 14.374094 0.000000 0.000000 0.000000 1.000000
0.210574 0.595577 0.775207 -2.920259 0.015348 0.790876 -0.611784 56.748833 -0.977458 0.140723 0.157397 14.492675 0.000000 0.000000 0.000000 1.000000
0.209954 0.594282 0.776368 -2.912364 0.013811 0.792185 -0.610124 56.544548 -0.977614 0.138820 0.158115 14.632122 0.000000 0.000000 0.000000 1.000000
0.209124 0.593152 0.777456 -2.906761 0.012259 0.793382 -0.608600 56.337662 -0.977812 0.136804 0.158643 14.790302 0.000000 0.000000 0.000000 1.000000
0.208014 0.591852 0.778743 -2.901042 0.010775 0.794724 -0.606876 56.122452 -0.978066 0.134630 0.158937 14.962263 0.000000 0.000000 0.000000 1.000000
0.206685 0.590012 0.780492 -2.891906 0.009373 0.796486 -0.604584 55.898727 -0.978363 0.132274 0.159091 15.142817 0.000000 0.000000 0.000000 1.000000
0.205337 0.587576 0.782682 -2.879166 0.008025 0.798686 -0.601695 55.668324 -0.978658 0.129831 0.159284 15.328270 0.000000 0.000000 0.000000 1.000000
0.204160 0.584957 0.784949 -2.867847 0.006788 0.800972 -0.598663 55.433460 -0.978914 0.127552 0.159556 15.515733 0.000000 0.000000 0.000000 1.000000
0.203210 0.582682 0.786884 -2.864909 0.005726 0.802931 -0.596044 55.198868 -0.979118 0.125627 0.159828 15.702760 0.000000 0.000000 0.000000 1.000000
0.202447 0.580981 0.788338 -2.873357 0.004724 0.804418 -0.594045 54.975166 -0.979282 0.123987 0.160108 15.887912 0.000000 0.000000 0.000000 1.000000
0.201850 0.579787 0.789369 -2.890124 0.003574 0.805517 -0.592562 54.777340 -0.979410 0.122430 0.160521 16.070490 0.000000 0.000000 0.000000 1.000000
0.201439 0.579044 0.790020 -2.909858 0.002260 0.806276 -0.591535 54.617004 -0.979499 0.120944 0.161106 16.248447 0.000000 0.000000 0.000000 1.000000
0.201193 0.578793 0.790266 -2.929365 0.001067 0.806633 -0.591052 54.495831 -0.979551 0.119759 0.161672 16.416634 0.000000 0.000000 0.000000 1.000000
0.201048 0.579016 0.790140 -2.947632 0.000339 0.806568 -0.591141 54.407871 -0.979581 0.119115 0.161963 16.569197 0.000000 0.000000 0.000000 1.000000
0.201003 0.579578 0.789738 -2.962823 0.000133 0.806176 -0.591676 54.348103 -0.979591 0.119034 0.161966 16.704918 0.000000 0.000000 0.000000 1.000000
0.201149 0.580329 0.789150 -2.971219 0.000192 0.805593 -0.592470 54.318825 -0.979561 0.119326 0.161933 16.829916 0.000000 0.000000 0.000000 1.000000
0.201515 0.581128 0.788468 -2.969842 0.000223 0.804955 -0.593336 54.329643 -0.979485 0.119742 0.162081 16.953558 0.000000 0.000000 0.000000 1.000000
0.201933 0.581846 0.787832 -2.959734 0.000179 0.804381 -0.594114 54.393726 -0.979399 0.120112 0.162327 17.081051 0.000000 0.000000 0.000000 1.000000
0.202159 0.582575 0.787235 -2.946051 0.000268 0.803799 -0.594902 54.520676 -0.979353 0.120476 0.162339 17.208178 0.000000 0.000000 0.000000 1.000000
0.202070 0.583916 0.786263 -2.936698 0.000816 0.802724 -0.596350 54.710327 -0.979371 0.121146 0.161729 17.326202 0.000000 0.000000 0.000000 1.000000
0.201689 0.586715 0.784275 -2.938266 0.002077 0.800472 -0.599366 54.948715 -0.979447 0.122514 0.160228 17.431931 0.000000 0.000000 0.000000 1.000000
0.201043 0.591132 0.781118 -2.950906 0.004044 0.796891 -0.604109 55.212891 -0.979574 0.124611 0.157819 17.535576 0.000000 0.000000 0.000000 1.000000
0.200019 0.596073 0.777618 -2.966873 0.006371 0.792848 -0.609386 55.482624 -0.979771 0.126843 0.154787 17.658302 0.000000 0.000000 0.000000 1.000000
0.198410 0.599925 0.775064 -2.977287 0.008508 0.789701 -0.613433 55.748981 -0.980082 0.128305 0.151580 17.820761 0.000000 0.000000 0.000000 1.000000
0.196083 0.601918 0.774110 -2.982155 0.009981 0.788169 -0.615378 56.011002 -0.980537 0.128391 0.148538 18.032038 0.000000 0.000000 0.000000 1.000000
0.193098 0.602583 0.774343 -2.991083 0.010601 0.787869 -0.615752 56.264175 -0.981122 0.127109 0.145748 18.286665 0.000000 0.000000 0.000000 1.000000
0.189667 0.602934 0.774917 -3.012593 0.010484 0.787955 -0.615644 56.494522 -0.981792 0.124891 0.143128 18.568834 0.000000 0.000000 0.000000 1.000000
0.186044 0.603463 0.775384 -3.044839 0.009962 0.787962 -0.615643 56.682930 -0.982491 0.122261 0.140584 18.858101 0.000000 0.000000 0.000000 1.000000
0.182497 0.603953 0.775845 -3.078394 0.009424 0.787987 -0.615620 56.812820 -0.983161 0.119660 0.138114 19.133574 0.000000 0.000000 0.000000 1.000000
0.179322 0.603949 0.776588 -3.106246 0.009150 0.788326 -0.615190 56.874397 -0.983748 0.117423 0.135838 19.377769 0.000000 0.000000 0.000000 1.000000
0.176765 0.603175 0.777775 -3.128878 0.009241 0.789167 -0.614110 56.864826 -0.984210 0.115740 0.133923 19.580925 0.000000 0.000000 0.000000 1.000000
0.174900 0.601592 0.779421 -3.150635 0.009620 0.790541 -0.612334 56.788437 -0.984539 0.114595 0.132478 19.744099 0.000000 0.000000 0.000000 1.000000
0.173581 0.599300 0.781479 -3.173489 0.010094 0.792400 -0.609918 56.656197 -0.984768 0.113759 0.131497 19.878534 0.000000 0.000000 0.000000 1.000000
0.172554 0.596486 0.783855 -3.195533 0.010429 0.794641 -0.606990 56.482918 -0.984945 0.112913 0.130898 19.999762 0.000000 0.000000 0.000000 1.000000
0.171617 0.593446 0.786365 -3.214370 0.010488 0.797061 -0.603807 56.282692 -0.985108 0.111871 0.130565 20.119608 0.000000 0.000000 0.000000 1.000000
0.170736 0.590562 0.788724 -3.230509 0.010280 0.799366 -0.600756 56.066608 -0.985263 0.110679 0.130410 20.240646 0.000000 0.000000 0.000000 1.000000
0.170051 0.588175 0.790654 -3.246264 0.009840 0.801286 -0.598200 55.845200 -0.985386 0.109504 0.130472 20.355452 0.000000 0.000000 0.000000 1.000000
0.169832 0.586360 0.792047 -3.262485 0.009107 0.802755 -0.596239 55.633301 -0.985431 0.108474 0.130994 20.449888 0.000000 0.000000 0.000000 1.000000
0.170386 0.584872 0.793028 -3.277775 0.008050 0.803943 -0.594652 55.451714 -0.985345 0.107704 0.132272 20.509008 0.000000 0.000000 0.000000 1.000000
0.171884 0.583413 0.793779 -3.291001 0.006941 0.805034 -0.593188 55.321178 -0.985093 0.107469 0.134323 20.523752 0.000000 0.000000 0.000000 1.000000
0.174190 0.582005 0.794310 -3.303122 0.006344 0.805962 -0.591934 55.251381 -0.984692 0.108149 0.136698 20.494827 0.000000 0.000000 0.000000 1.000000
0.176839 0.580995 0.794464 -3.315142 0.006663 0.806460 -0.591251 55.234543 -0.984217 0.109850 0.138742 20.431829 0.000000 0.000000 0.000000 1.000000
0.179277 0.580542 0.794248 -3.324477 0.007707 0.806475 -0.591218 55.251289 -0.983768 0.112113 0.140108 20.349512 0.000000 0.000000 0.000000 1.000000
0.181247 0.580171 0.794072 -3.327848 0.008760 0.806461 -0.591222 55.288910 -0.983399 0.114114 0.141086 20.263294 0.000000 0.000000 0.000000 1.000000
0.182893 0.579295 0.794335 -3.336471 0.009009 0.806941 -0.590563 55.365784 -0.983092 0.115166 0.142365 20.183867 0.000000 0.000000 0.000000 1.000000
0.184343 0.578701 0.794432 -3.391726 0.007736 0.807405 -0.589947 55.553017 -0.982831 0.114899 0.144363 20.110134 0.000000 0.000000 0.000000 1.000000
0.185011 0.581426 0.792285 -3.554915 0.004372 0.805708 -0.592297 55.980286 -0.982727 0.113045 0.146523 20.023918 0.000000 0.000000 0.000000 1.000000
0.183431 0.591216 0.785377 -3.862976 -0.000841 0.799027 -0.601295 56.807755 -0.983032 0.109635 0.147063 19.890730 0.000000 0.000000 0.000000 1.000000
0.178315 0.609159 0.772741 -4.285264 -0.005533 0.785935 -0.618284 58.161705 -0.983958 0.105974 0.143515 19.668962 0.000000 0.000000 0.000000 1.000000
0.170219 0.631692 0.756301 -4.727692 -0.005046 0.768050 -0.640370 60.065838 -0.985393 0.105187 0.133925 19.322485 0.000000 0.000000 0.000000 1.000000
0.162218 0.652185 0.740500 -5.076404 0.004735 0.749916 -0.661516 62.409294 -0.986744 0.110816 0.118562 18.817785 0.000000 0.000000 0.000000 1.000000
0.158120 0.664225 0.730618 -5.257541 0.024250 0.737091 -0.675358 65.042816 -0.987122 0.124505 0.100442 18.153896 0.000000 0.000000 0.000000 1.000000
0.160195 0.663667 0.730674 -5.228432 0.048711 0.734016 -0.677383 67.809517 -0.985883 0.144105 0.085258 17.325027 0.000000 0.000000 0.000000 1.000000
0.168344 0.648804 0.742101 -4.963403 0.071275 0.742863 -0.665639 70.587395 -0.983148 0.164949 0.078813 16.319960 0.000000 0.000000 0.000000 1.000000
0.181602 0.620175 0.763153 -4.462008 0.087645 0.762761 -0.640713 73.296181 -0.979459 0.183241 0.084164 15.141100 0.000000 0.000000 0.000000 1.000000
0.200237 0.580758 0.789066 -3.764892 0.097998 0.789466 -0.605920 75.878998 -0.974834 0.198655 0.101167 13.822417 0.000000 0.000000 0.000000 1.000000
0.225632 0.535723 0.813690 -2.948092 0.105570 0.816864 -0.567087 78.289795 -0.968476 0.213855 0.127755 12.437225 0.000000 0.000000 0.000000 1.000000
0.257590 0.490797 0.832325 -2.094123 0.114364 0.839853 -0.530629 80.485374 -0.959463 0.231873 0.160208 11.088636 0.000000 0.000000 0.000000 1.000000
0.292490 0.450091 0.843723 -1.261968 0.127455 0.856086 -0.500870 82.390640 -0.947737 0.254036 0.193031 9.868981 0.000000 0.000000 0.000000 1.000000
0.325180 0.415262 0.849597 -0.476349 0.146150 0.865561 -0.479003 83.881073 -0.934290 0.279931 0.220773 8.839268 0.000000 0.000000 0.000000 1.000000
0.352730 0.386317 0.852256 0.257743 0.169251 0.869435 -0.464153 84.824181 -0.920291 0.307966 0.241292 8.032333 0.000000 0.000000 0.000000 1.000000
0.375665 0.362777 0.852801 0.931956 0.193261 0.869304 -0.454930 85.184303 -0.906381 0.335714 0.256456 7.452748 0.000000 0.000000 0.000000 1.000000
0.395164 0.344048 0.851749 1.528443 0.214841 0.866886 -0.449836 85.044159 -0.893134 0.360750 0.268646 7.083136 0.000000 0.000000 0.000000 1.000000
0.410276 0.329553 0.850334 2.025418 0.232278 0.863910 -0.446886 84.575775 -0.881885 0.380860 0.277894 6.849766 0.000000 0.000000 0.000000 1.000000
0.418430 0.318895 0.850425 2.408247 0.245130 0.861936 -0.443822 83.960281 -0.874544 0.394173 0.282489 6.649254 0.000000 0.000000 0.000000 1.000000
0.418558 0.311915 0.852947 2.668584 0.253275 0.861822 -0.439447 83.339912 -0.872159 0.399964 0.281723 6.395239 0.000000 0.000000 0.000000 1.000000
0.413277 0.308197 0.856865 2.804914 0.257385 0.863077 -0.434571 82.777008 -0.873473 0.400142 0.277364 6.082680 0.000000 0.000000 0.000000 1.000000
0.408048 0.306879 0.859839 2.820511 0.258714 0.864338 -0.431261 82.290794 -0.875536 0.398428 0.273297 5.741168 0.000000 0.000000 0.000000 1.000000
0.407339 0.306700 0.860239 2.732474 0.258708 0.864593 -0.430755 81.889420 -0.875868 0.398014 0.272836 5.393470 0.000000 0.000000 0.000000 1.000000
0.411554 0.306387 0.858342 2.571547 0.258780 0.863751 -0.432397 81.571976 -0.873874 0.400077 0.276194 5.060023 0.000000 0.000000 0.000000 1.000000
0.418197 0.305522 0.855434 2.371883 0.259549 0.862285 -0.434855 81.346542 -0.870486 0.403882 0.281307 4.732675 0.000000 0.000000 0.000000 1.000000
0.424835 0.304671 0.852462 2.159994 0.260963 0.860473 -0.437588 81.202744 -0.866841 0.408364 0.286051 4.402362 0.000000 0.000000 0.000000 1.000000
0.430579 0.304653 0.849582 1.955678 0.262562 0.858317 -0.440855 81.107773 -0.863518 0.412890 0.289583 4.070150 0.000000 0.000000 0.000000 1.000000
0.435293 0.305636 0.846821 1.776661 0.263958 0.855947 -0.444613 81.027428 -0.860724 0.417062 0.291913 3.740377 0.000000 0.000000 0.000000 1.000000
0.438515 0.306930 0.844688 1.637996 0.265213 0.853825 -0.447934 80.943085 -0.858700 0.420449 0.293013 3.413250 0.000000 0.000000 0.000000 1.000000
0.439450 0.307611 0.843955 1.546942 0.266718 0.852480 -0.449599 80.845032 -0.857756 0.422674 0.292577 3.090432 0.000000 0.000000 0.000000 1.000000
0.437803 0.307309 0.844920 1.497825 0.268552 0.852168 -0.449099 80.729019 -0.858026 0.423522 0.290553 2.773196 0.000000 0.000000 0.000000 1.000000
0.434192 0.306364 0.847123 1.478351 0.270292 0.852753 -0.446938 80.596680 -0.859313 0.423028 0.287451 2.463724 0.000000 0.000000 0.000000 1.000000
0.429846 0.305357 0.849700 1.479225 0.271365 0.853876 -0.444136 80.459747 -0.861158 0.421489 0.284172 2.164024 0.000000 0.000000 0.000000 1.000000
0.426043 0.304546 0.851903 1.495784 0.271557 0.855170 -0.441521 80.335495 -0.862985 0.419447 0.281638 1.877564 0.000000 0.000000 0.000000 1.000000
0.423736 0.303714 0.853350 1.523197 0.271145 0.856377 -0.439430 80.238342 -0.864250 0.417584 0.280528 1.608650 0.000000 0.000000 0.000000 1.000000
0.423337 0.302534 0.853967 1.555407 0.270643 0.857325 -0.437889 80.171356 -0.864603 0.416495 0.281059 1.362154 0.000000 0.000000 0.000000 1.000000
0.424539 0.301058 0.853891 1.589350 0.270459 0.857872 -0.436929 80.126930 -0.864071 0.416436 0.282776 1.141626 0.000000 0.000000 0.000000 1.000000
0.426345 0.299778 0.853442 1.626930 0.270750 0.857941 -0.436614 80.095535 -0.863090 0.417217 0.284614 0.947882 0.000000 0.000000 0.000000 1.000000
0.427561 0.299154 0.853052 1.671390 0.271442 0.857624 -0.436807 80.073380 -0.862271 0.418316 0.285484 0.779316 0.000000 0.000000 0.000000 1.000000
0.427530 0.299210 0.853049 1.723171 0.272300 0.857186 -0.437132 80.060822 -0.862016 0.419172 0.284998 0.634567 0.000000 0.000000 0.000000 1.000000
0.426466 0.299675 0.853418 1.780126 0.273008 0.856868 -0.437313 80.055618 -0.862318 0.419489 0.283611 0.514787 0.000000 0.000000 0.000000 1.000000
0.425072 0.300398 0.853859 1.840413 0.273352 0.856678 -0.437472 80.051369 -0.862897 0.419361 0.282036 0.424057 0.000000 0.000000 0.000000 1.000000
0.423782 0.301464 0.854124 1.907161 0.273394 0.856433 -0.437926 80.042137 -0.863519 0.419098 0.280522 0.360530 0.000000 0.000000 0.000000 1.000000
0.422944 0.303108 0.853958 1.976214 0.273303 0.855842 -0.439136 80.029327 -0.863959 0.419119 0.279133 0.334636 0.000000 0.000000 0.000000 1.000000</float_array><technique_common><accessor source="#Hips-Matrix-animation-output-transform-array" count="149" stride="16"><param type="float4x4"/></accessor></technique_common></source><source id="Hips-Interpolations"><Name_array id="Hips-Interpolations-array" count="149">
 LINEAR LINEAR LINEAR LINEAR LINEAR LINEAR LINEAR LINEAR LINEAR LINEAR LINEAR
LINEAR LINEAR LINEAR LINEAR LINEAR LINEAR LINEAR LINEAR LINEAR LINEAR LINEAR LINEAR
LINEAR LINEAR LINEAR LINEAR LINEAR LINEAR LINEAR LINEAR LINEAR LINEAR LINEAR LINEAR
LINEAR LINEAR LINEAR LINEAR LINEAR LINEAR LINEAR LINEAR LINEAR LINEAR LINEAR LINEAR
LINEAR LINEAR LINEAR LINEAR LINEAR LINEAR LINEAR LINEAR LINEAR LINEAR LINEAR LINEAR
LINEAR LINEAR LINEAR LINEAR LINEAR LINEAR LINEAR LINEAR LINEAR LINEAR LINEAR LINEAR
LINEAR LINEAR LINEAR LINEAR LINEAR LINEAR LINEAR LINEAR LINEAR LINEAR LINEAR LINEAR
LINEAR LINEAR LINEAR LINEAR LINEAR LINEAR LINEAR LINEAR LINEAR LINEAR LINEAR LINEAR
LINEAR LINEAR LINEAR LINEAR LINEAR LINEAR LINEAR LINEAR LINEAR LINEAR LINEAR LINEAR
LINEAR LINEAR LINEAR LINEAR LINEAR LINEAR LINEAR LINEAR LINEAR LINEAR LINEAR LINEAR
LINEAR LINEAR LINEAR LINEAR LINEAR LINEAR LINEAR LINEAR LINEAR LINEAR LINEAR LINEAR
LINEAR LINEAR LINEAR LINEAR LINEAR LINEAR LINEAR LINEAR LINEAR LINEAR LINEAR LINEAR
LINEAR LINEAR LINEAR LINEAR LINEAR LINEAR</Name_array><technique_common><accessor source="#Hips-Interpolations-array" count="149"><param type="name"/></accessor></technique_common></source><sampler id="Hips-Matrix-animation-transform"><input semantic="INPUT" source="#Hips-Matrix-animation-input"/><input semantic="OUTPUT" source="#Hips-Matrix-animation-output-transform"/><input semantic="INTERPOLATION" source="#Hips-Interpolations"/></sampler><channel source="#Hips-Matrix-animation-transform" target="Hips/matrix"/></animation>
    <animation id="Spine-anim" name="Spine"><source id="Spine-Matrix-animation-input"><float_array id="Spine-Matrix-animation-input-array" count="149">

0.000000 0.033333 0.066667 0.100000 0.133333 0.166667 0.200000 0.233333 0.266667 0.300000 0.333333 0.366667 0.400000 0.433333 0.466667 0.500000
0.533333 0.566667 0.600000 0.633333 0.666667 0.700000 0.733333 0.766667 0.800000 0.833333 0.866667 0.900000 0.933333 0.966667 1.000000 1.033333
1.066667 1.100000 1.133333 1.166667 1.200000 1.233333 1.266667 1.300000 1.333333 1.366667 1.400000 1.433333 1.466667 1.500000 1.533333 1.566667
1.600000 1.633333 1.666667 1.700000 1.733333 1.766667 1.800000 1.833333 1.866667 1.900000 1.933333 1.966667 2.000000 2.033333 2.066667 2.100000
2.133333 2.166667 2.200000 2.233333 2.266667 2.300000 2.333333 2.366667 2.400000 2.433333 2.466667 2.500000 2.533333 2.566667 2.600000 2.633333
2.666667 2.700000 2.733333 2.766667 2.800000 2.833333 2.866667 2.900000 2.933333 2.966667 3.000000 3.033333 3.066667 3.100000 3.133333 3.166667
3.200000 3.233333 3.266667 3.300000 3.333333 3.366667 3.400000 3.433333 3.466667 3.500000 3.533333 3.566667 3.600000 3.633333 3.666667 3.700000
3.733333 3.766667 3.800000 3.833333 3.866667 3.900000 3.933333 3.966667 4.000000 4.033333 4.066667 4.100000 4.133333 4.166667 4.200000 4.233333
4.266667 4.300000 4.333333 4.366667 4.400000 4.433333 4.466667 4.500000 4.533333 4.566667 4.600000 4.633333 4.666667 4.700000 4.733333 4.766667
4.800000 4.833333 4.866667 4.900000 4.933333</float_array><technique_common><accessor source="#Spine-Matrix-animation-input-array" count="149"><param name="TIME" type="float"/></accessor></technique_common></source><source id="Spine-Matrix-animation-output-transform"><float_array id="Spine-Matrix-animation-output-transform-array" count="2384">

0.985669 0.119945 -0.118620 0.000000 -0.149229 0.947872 -0.281548 5.245300 0.078666 0.295215 0.952187 0.258800 0.000000 0.000000 0.000000 1.000000
0.986003 0.119756 -0.116004 0.000000 -0.147764 0.949935 -0.275298 5.245300 0.077227 0.288585 0.954335 0.258800 0.000000 0.000000 0.000000 1.000000
0.986239 0.120416 -0.113283 0.000000 -0.147120 0.951816 -0.269075 5.245300 0.075423 0.282038 0.956434 0.258800 0.000000 0.000000 0.000000 1.000000
0.986118 0.122142 -0.112486 -0.000000 -0.148071 0.953416 -0.262816 5.245300 0.075146 0.275823 0.958267 0.258800 0.000000 0.000000 0.000000 1.000000
0.985959 0.122780 -0.113185 0.000000 -0.148404 0.955003 -0.256797 5.245300 0.076563 0.269988 0.959815 0.258800 0.000000 0.000000 0.000000 1.000000
0.986838 0.117761 -0.110833 -0.000000 -0.142500 0.957255 -0.251708 5.245300 0.076454 0.264188 0.961436 0.258800 0.000000 0.000000 0.000000 1.000000
0.989494 0.103726 -0.100708 0.000000 -0.125944 0.960498 -0.248156 5.245300 0.070990 0.258232 0.963471 0.258800 0.000000 0.000000 0.000000 1.000000
0.993022 0.082464 -0.084299 0.000000 -0.100940 0.963991 -0.246034 5.245300 0.060975 0.252826 0.965588 0.258800 0.000000 0.000000 0.000000 1.000000
0.995728 0.060424 -0.069812 -0.000000 -0.075812 0.966643 -0.244651 5.245300 0.052700 0.248898 0.967095 0.258800 0.000000 0.000000 0.000000 1.000000
0.997030 0.043130 -0.063806 -0.000000 -0.057470 0.968180 -0.243567 5.245300 0.051271 0.246511 0.967783 0.258800 0.000000 0.000000 0.000000 1.000000
0.997454 0.031339 -0.064062 0.000000 -0.046058 0.968897 -0.243139 5.245300 0.054450 0.245470 0.967874 0.258800 0.000000 0.000000 0.000000 1.000000
0.997794 0.022550 -0.062434 0.000000 -0.037194 0.968949 -0.244447 5.245300 0.054983 0.246230 0.967651 0.258800 0.000000 0.000000 0.000000 1.000000
0.998440 0.014767 -0.053854 0.000000 -0.027718 0.968269 -0.248367 5.245300 0.048478 0.249472 0.967168 0.258800 0.000000 0.000000 0.000000 1.000000
0.999154 0.007496 -0.040426 0.000000 -0.017544 0.966960 -0.254324 5.245300 0.037184 0.254818 0.966274 0.258800 0.000000 0.000000 0.000000 1.000000
0.999618 0.000509 -0.027625 0.000000 -0.007679 0.965561 -0.260063 5.245300 0.026541 0.260176 0.965196 0.258800 0.000000 0.000000 0.000000 1.000000
0.999807 -0.006635 -0.018476 0.000000 0.001543 0.964809 -0.262948 5.245300 0.019570 0.262869 0.964633 0.258800 0.000000 0.000000 0.000000 1.000000
0.999828 -0.013703 -0.012503 0.000000 0.009953 0.965077 -0.261776 5.245300 0.015654 0.261607 0.965048 0.258800 0.000000 0.000000 0.000000 1.000000
0.999773 -0.019884 -0.007706 0.000000 0.017229 0.966124 -0.257503 5.245300 0.012565 0.257312 0.966247 0.258800 0.000000 0.000000 0.000000 1.000000
0.999691 -0.024642 -0.003279 -0.000000 0.023019 0.967396 -0.252222 5.245300 0.009387 0.252068 0.967664 0.258800 0.000000 0.000000 0.000000 1.000000
0.999603 -0.028159 0.000111 -0.000000 0.027310 0.968492 -0.247543 5.245300 0.006863 0.247448 0.968877 0.258800 0.000000 0.000000 0.000000 1.000000
0.999527 -0.030704 0.001670 0.000000 0.030184 0.969318 -0.243949 5.245300 0.005872 0.243884 0.969787 0.258800 0.000000 0.000000 0.000000 1.000000
0.999483 -0.032119 0.001615 0.000000 0.031559 0.969930 -0.241331 5.245300 0.006185 0.241257 0.970442 0.258800 0.000000 0.000000 0.000000 1.000000
0.999479 -0.032260 0.001305 0.000000 0.031632 0.970329 -0.239710 5.245300 0.006467 0.239627 0.970844 0.258800 0.000000 0.000000 0.000000 1.000000
0.999500 -0.031570 0.001989 0.000000 0.031128 0.970451 -0.239284 5.245300 0.005624 0.239226 0.970948 0.258800 0.000000 0.000000 0.000000 1.000000
0.999515 -0.030893 0.003833 -0.000000 0.030910 0.970278 -0.240009 5.245300 0.003695 0.240011 0.970763 0.258800 0.000000 0.000000 0.000000 1.000000
0.999507 -0.030810 0.006082 0.000000 0.031367 0.969908 -0.241441 5.245300 0.001540 0.241513 0.970396 0.258800 0.000000 0.000000 0.000000 1.000000
0.999480 -0.031291 0.007841 0.000000 0.032259 0.969476 -0.243057 5.245300 0.000004 0.243183 0.969980 0.258800 0.000000 0.000000 0.000000 1.000000
0.999449 -0.031995 0.008801 0.000000 0.033176 0.969035 -0.244686 5.245300 -0.000700 0.244843 0.969563 0.258800 0.000000 0.000000 0.000000 1.000000
0.999423 -0.032690 0.009272 0.000000 0.033967 0.968545 -0.246511 5.245300 -0.000922 0.246683 0.969096 0.258800 0.000000 0.000000 0.000000 1.000000
0.999397 -0.033353 0.009702 0.000000 0.034718 0.967978 -0.248624 5.245300 -0.001099 0.248811 0.968552 0.258800 0.000000 0.000000 0.000000 1.000000
0.999370 -0.033983 0.010236 -0.000000 0.035464 0.967421 -0.250676 5.245300 -0.001384 0.250881 0.968017 0.258800 0.000000 0.000000 0.000000 1.000000
0.999349 -0.034468 0.010685 0.000000 0.036049 0.967027 -0.252109 5.245300 -0.001643 0.252330 0.967640 0.258800 0.000000 0.000000 0.000000 1.000000
0.999341 -0.034661 0.010799 0.000000 0.036265 0.966848 -0.252764 5.245300 -0.001680 0.252989 0.967468 0.258800 0.000000 0.000000 0.000000 1.000000
0.999347 -0.034555 0.010547 0.000000 0.036100 0.966757 -0.253134 5.245300 -0.001449 0.253350 0.967374 0.258800 0.000000 0.000000 0.000000 1.000000
0.999358 -0.034360 0.010135 0.000000 0.035808 0.966584 -0.253837 5.245300 -0.001075 0.254037 0.967194 0.258800 0.000000 0.000000 0.000000 1.000000
0.999362 -0.034352 0.009794 0.000000 0.035714 0.966318 -0.254860 5.245300 -0.000709 0.255047 0.966928 0.258800 0.000000 0.000000 0.000000 1.000000
0.999354 -0.034642 0.009561 0.000000 0.035935 0.966143 -0.255494 5.245300 -0.000387 0.255673 0.966763 0.258800 0.000000 0.000000 0.000000 1.000000
0.999341 -0.035063 0.009345 0.000000 0.036287 0.966232 -0.255105 5.245300 -0.000084 0.255277 0.966868 0.258800 0.000000 0.000000 0.000000 1.000000
0.999335 -0.035305 0.009065 0.000000 0.036449 0.966564 -0.253821 5.245300 0.000199 0.253983 0.967209 0.258800 0.000000 0.000000 0.000000 1.000000
0.999343 -0.035158 0.008777 0.000000 0.036235 0.966953 -0.252365 5.245300 0.000386 0.252517 0.967592 0.258800 0.000000 0.000000 0.000000 1.000000
0.999362 -0.034669 0.008599 0.000000 0.035717 0.967247 -0.251313 5.245300 0.000396 0.251460 0.967868 0.258800 0.000000 0.000000 0.000000 1.000000
0.999383 -0.034075 0.008568 -0.000000 0.035135 0.967436 -0.250666 5.245300 0.000253 0.250813 0.968036 0.258800 0.000000 0.000000 0.000000 1.000000
0.999398 -0.033604 0.008600 -0.000000 0.034687 0.967594 -0.250116 5.245300 0.000084 0.250264 0.968178 0.258800 0.000000 0.000000 0.000000 1.000000
0.999408 -0.033315 0.008583 -0.000000 0.034403 0.967766 -0.249492 5.245300 0.000006 0.249639 0.968339 0.258800 0.000000 0.000000 0.000000 1.000000
0.999417 -0.033084 0.008478 0.000000 0.034153 0.967938 -0.248857 5.245300 0.000027 0.249001 0.968503 0.258800 0.000000 0.000000 0.000000 1.000000
0.999430 -0.032723 0.008329 0.000000 0.033767 0.968100 -0.248279 5.245300 0.000061 0.248419 0.968653 0.258800 0.000000 0.000000 0.000000 1.000000
0.999450 -0.032152 0.008177 0.000000 0.033176 0.968270 -0.247694 5.245300 0.000046 0.247829 0.968804 0.258800 0.000000 0.000000 0.000000 1.000000
0.999473 -0.031468 0.007994 0.000000 0.032467 0.968467 -0.247017 5.245300 0.000031 0.247146 0.968978 0.258800 0.000000 0.000000 0.000000 1.000000
0.999495 -0.030816 0.007692 0.000000 0.031761 0.968663 -0.246340 5.245300 0.000140 0.246460 0.969153 0.258800 0.000000 0.000000 0.000000 1.000000
0.999519 -0.030174 0.007170 -0.000000 0.031010 0.968787 -0.245947 5.245300 0.000475 0.246051 0.969257 0.258800 0.000000 0.000000 0.000000 1.000000
0.999550 -0.029321 0.006369 0.000000 0.029986 0.968774 -0.246125 5.245300 0.001047 0.246205 0.969217 0.258800 0.000000 0.000000 0.000000 1.000000
0.999591 -0.028089 0.005362 0.000000 0.028543 0.968616 -0.246917 5.245300 0.001742 0.246969 0.969022 0.258800 0.000000 0.000000 0.000000 1.000000
0.999636 -0.026610 0.004402 0.000000 0.026870 0.968378 -0.248036 5.245300 0.002337 0.248064 0.968741 0.258800 0.000000 0.000000 0.000000 1.000000
0.999674 -0.025243 0.003838 0.000000 0.025403 0.968159 -0.249045 5.245300 0.002571 0.249061 0.968484 0.258800 0.000000 0.000000 0.000000 1.000000
0.999698 -0.024251 0.003887 -0.000000 0.024453 0.968023 -0.249668 5.245300 0.002292 0.249688 0.968324 0.258800 0.000000 0.000000 0.000000 1.000000
0.999711 -0.023618 0.004448 0.000000 0.023980 0.967961 -0.249954 5.245300 0.001598 0.249988 0.968247 0.258800 0.000000 0.000000 0.000000 1.000000
0.999718 -0.023197 0.005153 -0.000000 0.023748 0.967915 -0.250155 5.245300 0.000815 0.250207 0.968192 0.258800 0.000000 0.000000 0.000000 1.000000
0.999721 -0.022930 0.005650 0.000000 0.023614 0.967828 -0.250501 5.245300 0.000275 0.250564 0.968100 0.258800 0.000000 0.000000 0.000000 1.000000
0.999722 -0.022866 0.005837 0.000000 0.023599 0.967684 -0.251060 5.245300 0.000093 0.251127 0.967954 0.258800 0.000000 0.000000 0.000000 1.000000
0.999718 -0.023015 0.005854 -0.000000 0.023747 0.967503 -0.251743 5.245300 0.000130 0.251811 0.967776 0.258800 0.000000 0.000000 0.000000 1.000000
0.999712 -0.023267 0.005925 0.000000 0.024009 0.967331 -0.252376 5.245300 0.000140 0.252445 0.967611 0.258800 0.000000 0.000000 0.000000 1.000000
0.999705 -0.023507 0.006174 0.000000 0.024305 0.967208 -0.252819 5.245300 -0.000028 0.252895 0.967494 0.258800 0.000000 0.000000 0.000000 1.000000
0.999697 -0.023735 0.006594 0.000000 0.024631 0.967123 -0.253115 5.245300 -0.000370 0.253200 0.967414 0.258800 0.000000 0.000000 0.000000 1.000000
0.999686 -0.024046 0.007112 -0.000000 0.025063 0.967005 -0.253520 5.245300 -0.000782 0.253618 0.967304 0.258800 0.000000 0.000000 0.000000 1.000000
0.999670 -0.024497 0.007669 0.000000 0.025642 0.966781 -0.254315 5.245300 -0.001184 0.254428 0.967091 0.258800 0.000000 0.000000 0.000000 1.000000
0.999653 -0.025018 0.008231 -0.000000 0.026291 0.966445 -0.255524 5.245300 -0.001562 0.255652 0.966768 0.258800 0.000000 0.000000 0.000000 1.000000
0.999637 -0.025484 0.008787 0.000000 0.026886 0.966075 -0.256860 5.245300 -0.001943 0.257003 0.966409 0.258800 0.000000 0.000000 0.000000 1.000000
0.999622 -0.025839 0.009348 -0.000000 0.027377 0.965757 -0.258001 5.245300 -0.002361 0.258159 0.966099 0.258800 0.000000 0.000000 0.000000 1.000000
0.999609 -0.026143 0.009951 0.000000 0.027829 0.965515 -0.258856 5.245300 -0.002841 0.259032 0.965865 0.258800 0.000000 0.000000 0.000000 1.000000
0.999593 -0.026482 0.010644 0.000000 0.028338 0.965316 -0.259542 5.245300 -0.003401 0.259738 0.965673 0.258800 0.000000 0.000000 0.000000 1.000000
0.999574 -0.026876 0.011407 0.000000 0.028919 0.965139 -0.260137 5.245300 -0.004018 0.260356 0.965504 0.258800 0.000000 0.000000 0.000000 1.000000
0.999554 -0.027277 0.012124 0.000000 0.029494 0.965010 -0.260549 5.245300 -0.004593 0.260790 0.965385 0.258800 0.000000 0.000000 0.000000 1.000000
0.999539 -0.027618 0.012620 0.000000 0.029954 0.964984 -0.260595 5.245300 -0.004980 0.260853 0.965366 0.258800 0.000000 0.000000 0.000000 1.000000
0.999530 -0.027856 0.012820 0.000000 0.030233 0.965085 -0.260187 5.245300 -0.005125 0.260452 0.965473 0.258800 0.000000 0.000000 0.000000 1.000000
0.999526 -0.027973 0.012839 0.000000 0.030347 0.965278 -0.259454 5.245300 -0.005136 0.259721 0.965670 0.258800 0.000000 0.000000 0.000000 1.000000
0.999525 -0.028007 0.012875 0.000000 0.030385 0.965471 -0.258732 5.245300 -0.005185 0.259001 0.965863 0.258800 0.000000 0.000000 0.000000 1.000000
0.999522 -0.028035 0.012998 0.000000 0.030442 0.965579 -0.258323 5.245300 -0.005308 0.258596 0.965971 0.258800 0.000000 0.000000 0.000000 1.000000
0.999520 -0.028113 0.013041 -0.000000 0.030528 0.965641 -0.258081 5.245300 -0.005338 0.258355 0.966035 0.258800 0.000000 0.000000 0.000000 1.000000
0.999521 -0.028186 0.012764 0.000000 0.030522 0.965862 -0.257252 5.245300 -0.005077 0.257518 0.966260 0.258800 0.000000 0.000000 0.000000 1.000000
0.999531 -0.028114 0.012117 0.000000 0.030276 0.966473 -0.254977 5.245300 -0.004542 0.255225 0.966871 0.258800 0.000000 0.000000 0.000000 1.000000
0.999548 -0.027831 0.011345 -0.000000 0.029789 0.967482 -0.251180 5.245300 -0.003986 0.251404 0.967874 0.258800 0.000000 0.000000 0.000000 1.000000
