<?xml version="1.0" encoding="utf-8"?>
<COLLADA xmlns="http://www.collada.org/2005/11/COLLADASchema" version="1.4.1">
  <asset><contributor><author>Mixamo</author><authoring_tool>COLLADA Mixamo exporter</authoring_tool><comments></comments></contributor><created>2020-10-27T03:27:32Z</created><modified>2020-10-27T03:27:32Z</modified><revision></revision><title></title><unit meter="0.010000"/><up_axis>Y_UP</up_axis></asset>
  <library_animations>
    <animation id="Hips-anim" name="Hips"><source id="Hips-Matrix-animation-input"><float_array id="Hips-Matrix-animation-input-array" count="96">

0.000000 0.033333 0.066667 0.100000 0.133333 0.166667 0.200000 0.233333 0.266667 0.300000 0.333333 0.366667 0.400000 0.433333 0.466667 0.500000
0.533333 0.566667 0.600000 0.633333 0.666667 0.700000 0.733333 0.766667 0.800000 0.833333 0.866667 0.900000 0.933333 0.966667 1.000000 1.033333
1.066667 1.100000 1.133333 1.166667 1.200000 1.233333 1.266667 1.300000 1.333333 1.366667 1.400000 1.433333 1.466667 1.500000 1.533333 1.566667
1.600000 1.633333 1.666667 1.700000 1.733333 1.766667 1.800000 1.833333 1.866667 1.900000 1.933333 1.966667 2.000000 2.033333 2.066667 2.100000
2.133333 2.166667 2.200000 2.233333 2.266667 2.300000 2.333333 2.366667 2.400000 2.433333 2.466667 2.500000 2.533333 2.566667 2.600000 2.633333
2.666667 2.700000 2.733333 2.766667 2.800000 2.833333 2.866667 2.900000 2.933333 2.966667 3.000000 3.033333 3.066667 3.100000 3.133333 3.166667</float_array><technique_common><accessor source="#Hips-Matrix-animation-input-array" count="96"><param name="TIME" type="float"/></accessor></technique_common></source><source id="Hips-Matrix-animation-output-transform"><float_array id="Hips-Matrix-animation-output-transform-array" count="1536">

0.636237 -0.128508 -0.760716 -1.221953 0.042559 0.990374 -0.131709 88.727753 0.770319 0.051423 0.635582 0.957675 0.000000 0.000000 0.000000 1.000000
0.638972 -0.125915 -0.758854 -0.634803 0.039831 0.990604 -0.130831 88.962349 0.768198 0.053371 0.637984 0.504325 0.000000 0.000000 0.000000 1.000000
0.630086 -0.125065 -0.766388 -0.065240 0.040678 0.990906 -0.128260 89.195503 0.775459 0.049640 0.629444 -0.163157 0.000000 0.000000 0.000000 1.000000
0.585250 -0.127141 -0.800823 0.447554 0.038081 0.990850 -0.129481 89.417816 0.809959 0.045282 0.584736 -1.008587 0.000000 0.000000 0.000000 1.000000
0.506097 -0.131347 -0.852416 0.914709 0.032015 0.990516 -0.133618 89.664650 0.861882 0.040333 0.505502 -1.988832 0.000000 0.000000 0.000000 1.000000
0.399348 -0.137007 -0.906505 1.360523 0.022762 0.989948 -0.139591 89.937607 0.916517 0.035112 0.398452 -3.041263 0.000000 0.000000 0.000000 1.000000
0.275144 -0.143805 -0.950587 1.803522 0.011066 0.989158 -0.146436 90.224655 0.961339 0.029771 0.273752 -4.097150 0.000000 0.000000 0.000000 1.000000
0.146889 -0.151644 -0.977460 2.250827 -0.001962 0.988132 -0.153594 90.513832 0.989151 0.024479 0.144848 -5.096200 0.000000 0.000000 0.000000 1.000000
-0.002666 -0.167869 -0.985806 2.571333 -0.020493 0.985611 -0.167781 90.793182 0.999786 0.019755 -0.006068 -6.020425 0.000000 0.000000 0.000000 1.000000
-0.117889 -0.189252 -0.974826 2.673841 -0.038913 0.981798 -0.185899 91.047028 0.992264 0.016018 -0.123108 -6.740526 0.000000 0.000000 0.000000 1.000000
-0.164164 -0.222116 -0.961101 2.478440 -0.051158 0.974925 -0.216573 91.229744 0.985106 0.013614 -0.171411 -7.160919 0.000000 0.000000 0.000000 1.000000
-0.197969 -0.255677 -0.946276 1.919567 -0.067433 0.966648 -0.247074 91.386002 0.977886 0.014897 -0.208608 -7.320850 0.000000 0.000000 0.000000 1.000000
-0.217314 -0.287582 -0.932776 1.149109 -0.083936 0.957579 -0.275674 91.535652 0.972486 0.018386 -0.232234 -7.049119 0.000000 0.000000 0.000000 1.000000
-0.213370 -0.315541 -0.924612 0.376840 -0.096271 0.948591 -0.301508 91.685272 0.972217 0.024681 -0.232778 -6.478517 0.000000 0.000000 0.000000 1.000000
-0.197184 -0.349657 -0.915892 -0.066118 -0.100570 0.936520 -0.335880 91.798279 0.975194 0.025881 -0.219832 -5.539155 0.000000 0.000000 0.000000 1.000000
-0.158983 -0.389441 -0.907226 -0.109736 -0.105084 0.920369 -0.376668 91.867104 0.981673 0.035451 -0.187247 -4.503922 0.000000 0.000000 0.000000 1.000000
-0.088528 -0.427683 -0.899583 0.412750 -0.101171 0.902319 -0.419028 91.910355 0.990922 0.053916 -0.123150 -3.321458 0.000000 0.000000 0.000000 1.000000
0.011496 -0.457238 -0.889270 1.527558 -0.091101 0.885151 -0.456298 91.963089 0.995775 0.086259 -0.031479 -2.123737 0.000000 0.000000 0.000000 1.000000
0.137298 -0.476733 -0.868260 3.179000 -0.072415 0.869384 -0.488802 92.007286 0.987879 0.129987 0.084842 -0.789424 0.000000 0.000000 0.000000 1.000000
0.278805 -0.480363 -0.831577 5.132687 -0.038297 0.859662 -0.509426 92.098900 0.959584 0.173877 0.221281 0.817897 0.000000 0.000000 0.000000 1.000000
0.419285 -0.469855 -0.776811 7.149864 0.010867 0.858193 -0.513213 92.235161 0.907789 0.206741 0.364934 3.100600 0.000000 0.000000 0.000000 1.000000
0.563160 -0.432311 -0.704243 8.976474 0.073097 0.874956 -0.478653 92.632965 0.823108 0.218080 0.524341 6.268306 0.000000 0.000000 0.000000 1.000000
0.696063 -0.382572 -0.607564 10.713215 0.139831 0.902243 -0.407927 92.760269 0.704232 0.198987 0.681514 10.125166 0.000000 0.000000 0.000000 1.000000
0.806202 -0.335670 -0.487200 12.390517 0.189005 0.926445 -0.325541 92.703293 0.560639 0.170369 0.810345 13.765727 0.000000 0.000000 0.000000 1.000000
0.892352 -0.283124 -0.351496 13.287527 0.210902 0.950096 -0.229864 92.108963 0.399035 0.130989 0.907531 16.571049 0.000000 0.000000 0.000000 1.000000
0.952095 -0.249265 -0.177151 13.842451 0.225192 0.963418 -0.145311 92.206970 0.206891 0.098457 0.973397 18.918177 0.000000 0.000000 0.000000 1.000000
0.975384 -0.218952 0.026187 13.808970 0.220359 0.972230 -0.078810 92.583656 -0.008204 0.082640 0.996546 20.804146 0.000000 0.000000 0.000000 1.000000
0.953451 -0.196067 0.229106 13.352221 0.203372 0.979065 -0.008482 93.633278 -0.222647 0.054681 0.973364 22.974054 0.000000 0.000000 0.000000 1.000000
0.889830 -0.198389 0.410908 13.237241 0.189220 0.979890 0.063338 95.043159 -0.415210 0.021392 0.909474 24.927261 0.000000 0.000000 0.000000 1.000000
0.759263 -0.220095 0.612436 13.603456 0.162917 0.975392 0.148558 96.249969 -0.630062 -0.013019 0.776436 26.440739 0.000000 0.000000 0.000000 1.000000
0.633813 -0.230156 0.738451 13.782262 0.116484 0.972218 0.203037 96.856323 -0.764665 -0.042670 0.643014 27.719177 0.000000 0.000000 0.000000 1.000000
0.442640 -0.235946 0.865101 14.252716 0.024106 0.967543 0.251552 97.070229 -0.896375 -0.090493 0.433961 29.527267 0.000000 0.000000 0.000000 1.000000
0.256098 -0.261005 0.930747 15.100443 -0.060261 0.956674 0.284857 96.654022 -0.964771 -0.129039 0.229274 32.089558 0.000000 0.000000 0.000000 1.000000
0.102974 -0.263133 0.959248 15.928411 -0.107973 0.955719 0.273756 94.901016 -0.988806 -0.131762 0.070003 35.863491 0.000000 0.000000 0.000000 1.000000
-0.045325 -0.242570 0.969074 16.192535 -0.120883 0.964275 0.235715 92.552368 -0.991631 -0.106461 -0.073028 40.596127 0.000000 0.000000 0.000000 1.000000
-0.188507 -0.204955 0.960447 17.203850 -0.099344 0.976943 0.188977 90.951660 -0.977034 -0.059791 -0.204521 46.271927 0.000000 0.000000 0.000000 1.000000
-0.329636 -0.137638 0.934021 18.130413 -0.080282 0.989819 0.117527 90.193512 -0.940688 -0.036244 -0.337330 52.353077 0.000000 0.000000 0.000000 1.000000
-0.454579 -0.098042 0.885294 18.796249 -0.105208 0.992876 0.055934 90.509193 -0.884471 -0.067714 -0.461655 57.786949 0.000000 0.000000 0.000000 1.000000
-0.552569 -0.069522 0.830563 19.004662 -0.131235 0.991342 -0.004330 91.209167 -0.823070 -0.111392 -0.556908 61.909061 0.000000 0.000000 0.000000 1.000000
-0.641548 -0.047558 0.765607 18.933191 -0.144831 0.987635 -0.060013 91.991547 -0.753286 -0.149385 -0.640503 64.668083 0.000000 0.000000 0.000000 1.000000
-0.698996 -0.026277 0.714642 18.632315 -0.151720 0.982025 -0.112290 92.582169 -0.698846 -0.186915 -0.690418 66.905258 0.000000 0.000000 0.000000 1.000000
-0.745425 -0.018825 0.666324 18.212650 -0.154740 0.977182 -0.145502 92.774422 -0.648380 -0.211568 -0.731329 68.405106 0.000000 0.000000 0.000000 1.000000
-0.784738 -0.022409 0.619423 17.553135 -0.151337 0.976028 -0.156416 92.801224 -0.601069 -0.216487 -0.769318 69.623764 0.000000 0.000000 0.000000 1.000000
-0.799448 -0.005716 0.600708 16.595789 -0.139119 0.974533 -0.175872 92.576508 -0.584404 -0.224171 -0.779884 70.638840 0.000000 0.000000 0.000000 1.000000
-0.793434 0.016274 0.608438 15.735238 -0.122608 0.974877 -0.185963 92.363953 -0.596179 -0.222149 -0.771506 71.515472 0.000000 0.000000 0.000000 1.000000
-0.778356 0.043837 0.626291 14.887656 -0.106099 0.974027 -0.200036 92.354828 -0.618794 -0.222148 -0.753488 72.061325 0.000000 0.000000 0.000000 1.000000
-0.748800 0.060911 0.659992 14.152189 -0.100242 0.973906 -0.203612 92.605148 -0.655172 -0.218623 -0.723155 72.230820 0.000000 0.000000 0.000000 1.000000
-0.703293 0.066592 0.707775 13.528296 -0.105142 0.974910 -0.196202 92.994705 -0.703082 -0.212404 -0.678646 71.969116 0.000000 0.000000 0.000000 1.000000
-0.642543 0.076360 0.762436 12.979901 -0.107293 0.976253 -0.188196 93.294060 -0.758701 -0.202728 -0.619092 71.333412 0.000000 0.000000 0.000000 1.000000
-0.572064 0.087346 0.815545 12.439835 -0.110223 0.977108 -0.181965 93.345856 -0.812769 -0.193987 -0.549341 70.482384 0.000000 0.000000 0.000000 1.000000
-0.492312 0.100849 0.864557 11.861977 -0.110658 0.977954 -0.177090 93.195534 -0.863356 -0.182853 -0.470299 69.362999 0.000000 0.000000 0.000000 1.000000
-0.401281 0.102007 0.910257 11.269211 -0.113731 0.980540 -0.160021 92.893951 -0.908867 -0.167738 -0.381871 67.553810 0.000000 0.000000 0.000000 1.000000
-0.312922 0.097631 0.944748 10.598361 -0.121997 0.982331 -0.141923 92.596840 -0.941911 -0.159667 -0.295482 65.006790 0.000000 0.000000 0.000000 1.000000
-0.237132 0.099882 0.966329 9.950249 -0.133532 0.981908 -0.134260 92.659943 -0.962257 -0.160873 -0.219504 61.662495 0.000000 0.000000 0.000000 1.000000
-0.167452 0.127556 0.977594 9.311178 -0.145390 0.977558 -0.152455 93.179428 -0.975101 -0.167661 -0.145149 57.529011 0.000000 0.000000 0.000000 1.000000
-0.107011 0.160888 0.981154 8.574877 -0.160388 0.971103 -0.176733 93.798073 -0.981236 -0.176278 -0.078115 53.129650 0.000000 0.000000 0.000000 1.000000
-0.044116 0.186561 0.981452 8.027552 -0.168751 0.966900 -0.191381 94.381683 -0.984671 -0.174064 -0.011173 48.306175 0.000000 0.000000 0.000000 1.000000
0.076788 0.193640 0.978063 8.108388 -0.173801 0.968540 -0.178109 95.185760 -0.981783 -0.156311 0.108027 42.767735 0.000000 0.000000 0.000000 1.000000
0.243546 0.188892 0.951318 8.793953 -0.173266 0.973547 -0.148949 96.011620 -0.954287 -0.128555 0.269831 37.469658 0.000000 0.000000 0.000000 1.000000
0.415361 0.165142 0.894541 10.018477 -0.165359 0.980706 -0.104268 96.764313 -0.894501 -0.104611 0.434655 33.007629 0.000000 0.000000 0.000000 1.000000
0.578924 0.141460 0.803017 11.283397 -0.151067 0.986394 -0.064855 97.286331 -0.801265 -0.083763 0.592417 29.208975 0.000000 0.000000 0.000000 1.000000
0.717402 0.124804 0.685389 12.170995 -0.138570 0.989728 -0.035180 97.310066 -0.682739 -0.069736 0.727327 27.569241 0.000000 0.000000 0.000000 1.000000
0.825426 0.119190 0.551785 12.532412 -0.128492 0.991468 -0.021951 97.176682 -0.549693 -0.052781 0.833698 26.387508 0.000000 0.000000 0.000000 1.000000
0.908174 0.112379 0.403225 12.442805 -0.120610 0.992687 -0.005015 96.820473 -0.400840 -0.044079 0.915087 25.694469 0.000000 0.000000 0.000000 1.000000
0.961953 0.105798 0.251900 11.879426 -0.111807 0.993683 0.009619 96.381851 -0.249291 -0.037417 0.967706 25.251888 0.000000 0.000000 0.000000 1.000000
0.989336 0.094082 0.111192 10.934587 -0.097429 0.994927 0.025041 96.226898 -0.108272 -0.035607 0.993483 25.033298 0.000000 0.000000 0.000000 1.000000
0.995434 0.090061 -0.031640 9.639482 -0.088885 0.995362 0.036805 95.981003 0.034808 -0.033825 0.998821 24.719200 0.000000 0.000000 0.000000 1.000000
0.983018 0.092231 -0.158647 7.894114 -0.087191 0.995449 0.038456 95.632660 0.161472 -0.023971 0.986586 23.948145 0.000000 0.000000 0.000000 1.000000
0.961247 0.090524 -0.260402 5.945502 -0.080541 0.995557 0.048779 95.513191 0.263661 -0.025915 0.964267 23.114262 0.000000 0.000000 0.000000 1.000000
0.933057 0.089538 -0.348408 3.704934 -0.073711 0.995565 0.058449 95.190941 0.352097 -0.028855 0.935519 21.843113 0.000000 0.000000 0.000000 1.000000
0.901512 0.079570 -0.425376 1.300399 -0.063410 0.996630 0.052040 94.624069 0.428084 -0.019942 0.903519 20.086309 0.000000 0.000000 0.000000 1.000000
0.870596 0.063724 -0.487854 -1.111207 -0.046698 0.997803 0.046999 94.347290 0.489777 -0.018136 0.871659 18.018507 0.000000 0.000000 0.000000 1.000000
0.838542 0.046452 -0.542853 -3.235158 -0.028766 0.998744 0.041027 94.006310 0.544076 -0.018787 0.838825 15.253251 0.000000 0.000000 0.000000 1.000000
0.803386 0.028746 -0.594764 -4.564678 -0.014096 0.999472 0.029267 93.593513 0.595291 -0.015129 0.803368 12.903768 0.000000 0.000000 0.000000 1.000000
0.768780 0.010677 -0.639424 -5.529833 0.003974 0.999762 0.021473 93.118958 0.639501 -0.019049 0.768555 11.319315 0.000000 0.000000 0.000000 1.000000
0.741835 -0.007783 -0.670537 -6.510231 0.027349 0.999452 0.018656 92.729095 0.670024 -0.032178 0.741642 10.002273 0.000000 0.000000 0.000000 1.000000
0.726815 -0.019203 -0.686564 -6.811316 0.038574 0.999173 0.012888 92.336159 0.685749 -0.035851 0.726955 9.011202 0.000000 0.000000 0.000000 1.000000
0.713505 -0.029369 -0.700035 -6.998145 0.047580 0.998846 0.006589 91.948746 0.699033 -0.038009 0.714079 8.226113 0.000000 0.000000 0.000000 1.000000
0.701884 -0.038528 -0.711249 -7.081427 0.054687 0.998504 -0.000122 91.572113 0.710189 -0.038811 0.702940 7.589763 0.000000 0.000000 0.000000 1.000000
0.691896 -0.046844 -0.720476 -7.072414 0.060132 0.998165 -0.007152 91.209793 0.719489 -0.038375 0.693443 7.042990 0.000000 0.000000 0.000000 1.000000
0.683460 -0.054335 -0.727963 -6.976820 0.063959 0.997848 -0.014430 90.856049 0.727181 -0.036698 0.685465 6.532370 0.000000 0.000000 0.000000 1.000000
0.676472 -0.060908 -0.733945 -6.794537 0.066059 0.997575 -0.021900 90.498917 0.733499 -0.033669 0.678856 6.007285 0.000000 0.000000 0.000000 1.000000
0.670783 -0.066899 -0.738630 -6.538844 0.066960 0.997319 -0.029520 90.154556 0.738625 -0.029657 0.673464 5.429628 0.000000 0.000000 0.000000 1.000000
0.666244 -0.072369 -0.742214 -6.223265 0.066798 0.997071 -0.037257 89.827057 0.742736 -0.024756 0.669127 4.903472 0.000000 0.000000 0.000000 1.000000
0.662689 -0.077417 -0.744882 -5.857856 0.065772 0.996816 -0.045087 89.520859 0.746001 -0.019113 0.665671 4.439353 0.000000 0.000000 0.000000 1.000000
0.659945 -0.082125 -0.746812 -5.451915 0.064049 0.996539 -0.052988 89.238251 0.748579 -0.012863 0.662921 4.028608 0.000000 0.000000 0.000000 1.000000
0.657834 -0.086571 -0.748171 -5.014844 0.061795 0.996227 -0.060940 88.981461 0.750624 -0.006145 0.660701 3.662546 0.000000 0.000000 0.000000 1.000000
0.656172 -0.090835 -0.749124 -4.556017 0.059169 0.995866 -0.068926 88.752838 0.752288 0.000902 0.658834 3.332533 0.000000 0.000000 0.000000 1.000000
0.654772 -0.094998 -0.749833 -4.118510 0.056330 0.995444 -0.076927 88.554657 0.753724 0.008131 0.657140 3.029802 0.000000 0.000000 0.000000 1.000000
0.653446 -0.099143 -0.750453 -3.689397 0.053426 0.994954 -0.084925 88.389313 0.755086 0.015400 0.655445 2.745863 0.000000 0.000000 0.000000 1.000000
0.652004 -0.103354 -0.751139 -3.267455 0.050603 0.994389 -0.092900 88.259163 0.756525 0.022561 0.653575 2.472198 0.000000 0.000000 0.000000 1.000000
0.650254 -0.107717 -0.752042 -2.851439 0.048003 0.993745 -0.100831 88.178719 0.758199 0.029466 0.651357 2.200229 0.000000 0.000000 0.000000 1.000000
0.648005 -0.112324 -0.753308 -2.440077 0.045767 0.993021 -0.108698 88.210472 0.760260 0.035960 0.648623 1.921383 0.000000 0.000000 0.000000 1.000000
0.645057 -0.117265 -0.755083 -2.032211 0.044028 0.992217 -0.116479 88.334656 0.762865 0.041891 0.645199 1.627072 0.000000 0.000000 0.000000 1.000000
0.641205 -0.122629 -0.757508 -1.626562 0.042916 0.991334 -0.124155 88.518112 0.766169 0.047099 0.640911 1.308741 0.000000 0.000000 0.000000 1.000000
0.636237 -0.128508 -0.760716 -1.221957 0.042559 0.990374 -0.131709 88.727745 0.770319 0.051422 0.635582 0.957665 0.000000 0.000000 0.000000 1.000000</float_array><technique_common><accessor source="#Hips-Matrix-animation-output-transform-array" count="96" stride="16"><param type="float4x4"/></accessor></technique_common></source><source id="Hips-Interpolations"><Name_array id="Hips-Interpolations-array" count="96">
 LINEAR LINEAR LINEAR LINEAR LINEAR LINEAR LINEAR LINEAR LINEAR LINEAR LINEAR
LINEAR LINEAR LINEAR LINEAR LINEAR LINEAR LINEAR LINEAR LINEAR LINEAR LINEAR LINEAR
LINEAR LINEAR LINEAR LINEAR LINEAR LINEAR LINEAR LINEAR LINEAR LINEAR LINEAR LINEAR
LINEAR LINEAR LINEAR LINEAR LINEAR LINEAR LINEAR LINEAR LINEAR LINEAR LINEAR LINEAR
LINEAR LINEAR LINEAR LINEAR LINEAR LINEAR LINEAR LINEAR LINEAR LINEAR LINEAR LINEAR
LINEAR LINEAR LINEAR LINEAR LINEAR LINEAR LINEAR LINEAR LINEAR LINEAR LINEAR LINEAR
LINEAR LINEAR LINEAR LINEAR LINEAR LINEAR LINEAR LINEAR LINEAR LINEAR LINEAR LINEAR
LINEAR LINEAR LINEAR LINEAR LINEAR LINEAR LINEAR LINEAR LINEAR LINEAR LINEAR LINEAR
LINEAR</Name_array><technique_common><accessor source="#Hips-Interpolations-array" count="96"><param type="name"/></accessor></technique_common></source><sampler id="Hips-Matrix-animation-transform"><input semantic="INPUT" source="#Hips-Matrix-animation-input"/><input semantic="OUTPUT" source="#Hips-Matrix-animation-output-transform"/><input semantic="INTERPOLATION" source="#Hips-Interpolations"/></sampler><channel source="#Hips-Matrix-animation-transform" target="Hips/matrix"/></animation>
    <animation id="Spine-anim" name="Spine"><source id="Spine-Matrix-animation-input"><float_array id="Spine-Matrix-animation-input-array" count="96">

0.000000 0.033333 0.066667 0.100000 0.133333 0.166667 0.200000 0.233333 0.266667 0.300000 0.333333 0.366667 0.400000 0.433333 0.466667 0.500000
0.533333 0.566667 0.600000 0.633333 0.666667 0.700000 0.733333 0.766667 0.800000 0.833333 0.866667 0.900000 0.933333 0.966667 1.000000 1.033333
1.066667 1.100000 1.133333 1.166667 1.200000 1.233333 1.266667 1.300000 1.333333 1.366667 1.400000 1.433333 1.466667 1.500000 1.533333 1.566667
1.600000 1.633333 1.666667 1.700000 1.733333 1.766667 1.800000 1.833333 1.866667 1.900000 1.933333 1.966667 2.000000 2.033333 2.066667 2.100000
2.133333 2.166667 2.200000 2.233333 2.266667 2.300000 2.333333 2.366667 2.400000 2.433333 2.466667 2.500000 2.533333 2.566667 2.600000 2.633333
2.666667 2.700000 2.733333 2.766667 2.800000 2.833333 2.866667 2.900000 2.933333 2.966667 3.000000 3.033333 3.066667 3.100000 3.133333 3.166667</float_array><technique_common><accessor source="#Spine-Matrix-animation-input-array" count="96"><param name="TIME" type="float"/></accessor></technique_common></source><source id="Spine-Matrix-animation-output-transform"><float_array id="Spine-Matrix-animation-output-transform-array" count="1536">

0.998042 0.037915 0.049751 0.000000 -0.027801 0.981356 -0.190180 5.245300 -0.056034 0.188425 0.980488 0.258800 0.000000 0.000000 0.000000 1.000000
0.998188 0.034835 0.049057 0.000000 -0.025094 0.982081 -0.186781 5.245300 -0.054684 0.185211 0.981176 0.258800 0.000000 0.000000 0.000000 1.000000
0.998249 0.038811 0.044648 0.000000 -0.029647 0.981305 -0.190164 5.245300 -0.051194 0.188507 0.980737 0.258800 0.000000 0.000000 0.000000 1.000000
0.998526 0.038079 0.038676 0.000000 -0.030049 0.981263 -0.190315 5.245300 -0.045198 0.188872 0.980961 0.258800 0.000000 0.000000 0.000000 1.000000
0.998862 0.036550 0.030628 -0.000000 -0.030050 0.981161 -0.190838 5.245300 -0.037026 0.189701 0.981144 0.258800 0.000000 0.000000 0.000000 1.000000
0.999201 0.034125 0.020792 0.000000 -0.029509 0.980964 -0.191934 5.245300 -0.026946 0.191167 0.981188 0.258800 0.000000 0.000000 0.000000 1.000000
0.999516 0.029617 0.009539 0.000000 -0.027209 0.980662 -0.193807 5.245300 -0.015094 0.193454 0.980993 0.258800 0.000000 0.000000 0.000000 1.000000
0.999718 0.023532 -0.003135 -0.000000 -0.023687 0.979949 -0.197835 5.245300 -0.001583 0.197853 0.980230 0.258800 0.000000 0.000000 0.000000 1.000000
0.999655 0.016076 -0.020777 -0.000000 -0.019991 0.978627 -0.204671 5.245300 0.017042 0.205016 0.978610 0.258800 0.000000 0.000000 0.000000 1.000000
0.999030 0.009885 -0.042907 0.000000 -0.018863 0.976605 -0.214211 5.245300 0.039786 0.214813 0.975845 0.258800 0.000000 0.000000 0.000000 1.000000
0.998047 0.004199 -0.062326 0.000000 -0.018178 0.974083 -0.225458 5.245300 0.059764 0.226151 0.972257 0.258800 0.000000 0.000000 0.000000 1.000000
0.997132 -0.001112 -0.075671 0.000000 -0.016856 0.971510 -0.236397 5.245300 0.073778 0.236994 0.968706 0.258800 0.000000 0.000000 0.000000 1.000000
0.996376 -0.003740 -0.084978 -0.000000 -0.017162 0.969649 -0.243900 5.245300 0.083311 0.244474 0.966070 0.258800 0.000000 0.000000 0.000000 1.000000
0.995706 -0.007422 -0.092272 0.000000 -0.016129 0.967626 -0.251873 5.245300 0.091154 0.252280 0.963351 0.258800 0.000000 0.000000 0.000000 1.000000
0.995166 -0.012301 -0.097438 -0.000000 -0.013148 0.966507 -0.256301 5.245300 0.097327 0.256343 0.961673 0.258800 0.000000 0.000000 0.000000 1.000000
0.994636 -0.022216 -0.101018 0.000000 -0.004812 0.965664 -0.259749 5.245300 0.103320 0.258842 0.960378 0.258800 0.000000 0.000000 0.000000 1.000000
0.993790 -0.035589 -0.105426 -0.000000 0.006672 0.964823 -0.262815 5.245300 0.111070 0.260479 0.959069 0.258800 0.000000 0.000000 0.000000 1.000000
0.992743 -0.053309 -0.107796 0.000000 0.022931 0.963844 -0.265479 5.245300 0.118051 0.261081 0.958071 0.258800 0.000000 0.000000 0.000000 1.000000
0.991535 -0.074601 -0.106270 -0.000000 0.044054 0.963207 -0.265124 5.245300 0.122139 0.258198 0.958340 0.258800 0.000000 0.000000 0.000000 1.000000
0.990360 -0.093965 -0.101769 -0.000000 0.064569 0.963185 -0.260968 5.245300 0.122544 0.251882 0.959968 0.258800 0.000000 0.000000 0.000000 1.000000
0.989554 -0.110315 -0.092814 0.000000 0.083869 0.964147 -0.251767 5.245300 0.117260 0.241353 0.963327 0.258800 0.000000 0.000000 0.000000 1.000000
0.988905 -0.124171 -0.081542 0.000000 0.100957 0.964438 -0.244268 5.245300 0.108973 0.233325 0.966273 0.258800 0.000000 0.000000 0.000000 1.000000
0.988308 -0.135817 -0.069286 0.000000 0.116198 0.965156 -0.234460 5.245300 0.098715 0.223668 0.969654 0.258800 0.000000 0.000000 0.000000 1.000000
0.988087 -0.144145 -0.053914 0.000000 0.128826 0.966351 -0.222641 5.245300 0.084192 0.213043 0.973409 0.258800 0.000000 0.000000 0.000000 1.000000
0.988897 -0.144127 -0.036204 -0.000000 0.133385 0.968274 -0.211314 5.245300 0.065511 0.204139 0.976747 0.258800 0.000000 0.000000 0.000000 1.000000
0.989815 -0.141046 -0.019308 0.000000 0.134553 0.971179 -0.196739 5.245300 0.046500 0.192138 0.980266 0.258800 0.000000 0.000000 0.000000 1.000000
0.990317 -0.138704 -0.005712 0.000000 0.135559 0.975094 -0.175543 5.245300 0.029918 0.173069 0.984455 0.258800 0.000000 0.000000 0.000000 1.000000
0.991044 -0.133341 0.007254 0.000000 0.132880 0.979310 -0.152628 5.245300 0.013248 0.152225 0.988257 0.258800 0.000000 0.000000 0.000000 1.000000
0.992767 -0.118470 0.019483 -0.000000 0.120027 0.983199 -0.137524 5.245300 -0.002863 0.138868 0.990307 0.258800 0.000000 0.000000 0.000000 1.000000
0.994907 -0.098831 0.019837 0.000000 0.100569 0.986567 -0.128733 5.245300 -0.006848 0.130072 0.991481 0.258800 0.000000 0.000000 0.000000 1.000000
0.996664 -0.076395 0.028719 0.000000 0.079343 0.989404 -0.121591 5.245300 -0.019126 0.123464 0.992165 0.258800 0.000000 0.000000 0.000000 1.000000
0.997927 -0.059648 0.024170 0.000000 0.062072 0.991234 -0.116631 5.245300 -0.017002 0.117890 0.992881 0.258800 0.000000 0.000000 0.000000 1.000000
0.998791 -0.047209 0.013715 0.000000 0.048514 0.991614 -0.119780 5.245300 -0.007945 0.120301 0.992706 0.258800 0.000000 0.000000 0.000000 1.000000
0.999466 -0.032410 -0.004075 -0.000000 0.031666 0.991948 -0.122626 5.245300 0.008017 0.122431 0.992445 0.258800 0.000000 0.000000 0.000000 1.000000
0.999658 -0.016960 -0.019888 -0.000000 0.014224 0.991358 -0.130412 5.245300 0.021928 0.130085 0.991260 0.258800 0.000000 0.000000 0.000000 1.000000
0.999650 0.007206 -0.025472 0.000000 -0.010694 0.990152 -0.139586 5.245300 0.024216 0.139810 0.989882 0.258800 0.000000 0.000000 0.000000 1.000000
0.998952 0.036333 -0.027823 -0.000000 -0.039963 0.988839 -0.143525 5.245300 0.022297 0.144487 0.989255 0.258800 0.000000 0.000000 0.000000 1.000000
0.998467 0.052786 -0.016670 0.000000 -0.054750 0.986126 -0.156708 5.245300 0.008167 0.157380 0.987504 0.258800 0.000000 0.000000 0.000000 1.000000
0.998069 0.062051 0.002874 0.000000 -0.060612 0.982963 -0.173519 5.245300 -0.013592 0.173010 0.984826 0.258800 0.000000 0.000000 0.000000 1.000000
0.997339 0.070306 0.019267 -0.000000 -0.065372 0.979529 -0.190394 5.245300 -0.032258 0.188628 0.981519 0.258800 0.000000 0.000000 0.000000 1.000000
0.996651 0.075451 0.031511 0.000000 -0.067699 0.977563 -0.199469 5.245300 -0.045855 0.196668 0.979397 0.258800 0.000000 0.000000 0.000000 1.000000
0.996242 0.075152 0.043068 0.000000 -0.064783 0.976523 -0.205443 5.245300 -0.057496 0.201881 0.977721 0.258800 0.000000 0.000000 0.000000 1.000000
0.996094 0.067638 0.056769 0.000000 -0.053807 0.974656 -0.217142 5.245300 -0.070017 0.213239 0.974488 0.258800 0.000000 0.000000 0.000000 1.000000
0.995791 0.063903 0.065701 0.000000 -0.047886 0.973974 -0.221542 5.245300 -0.078148 0.217463 0.972935 0.258800 0.000000 0.000000 0.000000 1.000000
0.995717 0.063722 0.066984 0.000000 -0.047123 0.973153 -0.225282 5.245300 -0.079541 0.221160 0.971988 0.258800 0.000000 0.000000 0.000000 1.000000
0.995732 0.064777 0.065736 0.000000 -0.048400 0.973001 -0.225670 5.245300 -0.078580 0.221525 0.971983 0.258800 0.000000 0.000000 0.000000 1.000000
0.995902 0.063982 0.063920 0.000000 -0.048079 0.973170 -0.225007 5.245300 -0.076601 0.221012 0.972258 0.258800 0.000000 0.000000 0.000000 1.000000
0.996087 0.060905 0.064047 0.000000 -0.045227 0.973845 -0.222668 5.245300 -0.075934 0.218900 0.972788 0.258800 0.000000 0.000000 0.000000 1.000000
0.996248 0.059301 0.063027 0.000000 -0.044247 0.974961 -0.217928 5.245300 -0.074372 0.214321 0.973928 0.258800 0.000000 0.000000 0.000000 1.000000
0.996487 0.058173 0.060240 0.000000 -0.044220 0.976398 -0.211405 5.245300 -0.071116 0.207998 0.975540 0.258800 0.000000 0.000000 0.000000 1.000000
0.996743 0.058969 0.055016 0.000000 -0.046510 0.977612 -0.205213 5.245300 -0.065886 0.201985 0.977170 0.258800 0.000000 0.000000 0.000000 1.000000
0.997202 0.058609 0.046396 0.000000 -0.047992 0.977848 -0.203740 5.245300 -0.057309 0.200943 0.977925 0.258800 0.000000 0.000000 0.000000 1.000000
0.997893 0.055858 0.033002 0.000000 -0.047981 0.977769 -0.204122 5.245300 -0.043671 0.202109 0.978389 0.258800 0.000000 0.000000 0.000000 1.000000
0.998562 0.050714 0.017386 0.000000 -0.046148 0.978151 -0.202709 5.245300 -0.027286 0.201615 0.979085 0.258800 0.000000 0.000000 0.000000 1.000000
0.999157 0.041002 0.002230 0.000000 -0.039796 0.980281 -0.193562 5.245300 -0.010122 0.193310 0.981086 0.258800 0.000000 0.000000 0.000000 1.000000
0.999552 0.027870 -0.010899 0.000000 -0.029399 0.982523 -0.183806 5.245300 0.005586 0.184044 0.982902 0.258800 0.000000 0.000000 0.000000 1.000000
0.999594 0.014433 -0.024556 0.000000 -0.018601 0.983666 -0.179038 5.245300 0.021571 0.179422 0.983536 0.258800 0.000000 0.000000 0.000000 1.000000
0.999453 0.003911 -0.032827 0.000000 -0.009769 0.983575 -0.180233 5.245300 0.031583 0.180455 0.983076 0.258800 0.000000 0.000000 0.000000 1.000000
0.999327 -0.003136 -0.036558 0.000000 -0.003525 0.983528 -0.180719 5.245300 0.036523 0.180727 0.982855 0.258800 0.000000 0.000000 0.000000 1.000000
0.999257 -0.008594 -0.037583 -0.000000 0.001734 0.983867 -0.178892 5.245300 0.038514 0.178694 0.983151 0.258800 0.000000 0.000000 0.000000 1.000000
0.999232 -0.015191 -0.036110 0.000000 0.008585 0.984262 -0.176508 5.245300 0.038223 0.176062 0.983637 0.258800 0.000000 0.000000 0.000000 1.000000
0.999116 -0.023038 -0.035150 0.000000 0.016539 0.984409 -0.175115 5.245300 0.038636 0.174379 0.983920 0.258800 0.000000 0.000000 0.000000 1.000000
0.998994 -0.029349 -0.033915 0.000000 0.023057 0.984664 -0.172934 5.245300 0.038470 0.171978 0.984349 0.258800 0.000000 0.000000 0.000000 1.000000
0.998889 -0.035085 -0.031452 0.000000 0.029115 0.984412 -0.173450 5.245300 0.037047 0.172342 0.984340 0.258800 0.000000 0.000000 0.000000 1.000000
0.998836 -0.039477 -0.027718 0.000000 0.034078 0.984208 -0.173704 5.245300 0.034138 0.172557 0.984408 0.258800 0.000000 0.000000 0.000000 1.000000
0.998912 -0.040598 -0.022941 0.000000 0.036006 0.984121 -0.173806 5.245300 0.029633 0.172791 0.984513 0.258800 0.000000 0.000000 0.000000 1.000000
0.998916 -0.043232 -0.017244 0.000000 0.039608 0.984144 -0.172894 5.245300 0.024445 0.172024 0.984789 0.258800 0.000000 0.000000 0.000000 1.000000
0.998790 -0.047141 -0.013986 -0.000000 0.044057 0.984250 -0.171202 5.245300 0.021836 0.170379 0.985137 0.258800 0.000000 0.000000 0.000000 1.000000
0.998710 -0.048754 -0.014207 -0.000000 0.045562 0.983819 -0.173278 5.245300 0.022425 0.172407 0.984771 0.258800 0.000000 0.000000 0.000000 1.000000
0.998657 -0.049680 -0.014707 0.000000 0.046346 0.983465 -0.175065 5.245300 0.023161 0.174148 0.984447 0.258800 0.000000 0.000000 0.000000 1.000000
0.998676 -0.049485 -0.014061 -0.000000 0.046321 0.983892 -0.172657 5.245300 0.022378 0.171777 0.984882 0.258800 0.000000 0.000000 0.000000 1.000000
0.998750 -0.047815 -0.014581 0.000000 0.044588 0.983977 -0.172632 5.245300 0.022602 0.171766 0.984878 0.258800 0.000000 0.000000 0.000000 1.000000
0.998854 -0.045521 -0.014803 -0.000000 0.042230 0.983621 -0.175232 5.245300 0.022538 0.174406 0.984416 0.258800 0.000000 0.000000 0.000000 1.000000
0.998894 -0.044778 -0.014358 0.000000 0.041491 0.982969 -0.179026 5.245300 0.022130 0.178232 0.983740 0.258800 0.000000 0.000000 0.000000 1.000000
0.998972 -0.043069 -0.014175 0.000000 0.039756 0.982328 -0.182897 5.245300 0.021801 0.182145 0.983030 0.258800 0.000000 0.000000 0.000000 1.000000
0.999018 -0.039936 -0.019203 0.000000 0.035648 0.981698 -0.187078 5.245300 0.026323 0.186209 0.982157 0.258800 0.000000 0.000000 0.000000 1.000000
0.999144 -0.036186 -0.020027 0.000000 0.031766 0.981524 -0.188684 5.245300 0.026484 0.187887 0.981834 0.258800 0.000000 0.000000 0.000000 1.000000
0.999273 -0.032462 -0.019993 0.000000 0.028080 0.981390 -0.189963 5.245300 0.025788 0.189264 0.981588 0.258800 0.000000 0.000000 0.000000 1.000000
0.999406 -0.028626 -0.019181 0.000000 0.024443 0.981298 -0.190938 5.245300 0.024288 0.190356 0.981415 0.258800 0.000000 0.000000 0.000000 1.000000
0.999541 -0.024629 -0.017667 0.000000 0.020791 0.981244 -0.191646 5.245300 0.022056 0.191190 0.981305 0.258800 0.000000 0.000000 0.000000 1.000000
0.999668 -0.020614 -0.015488 -0.000000 0.017257 0.981219 -0.192122 5.245300 0.019158 0.191790 0.981249 0.258800 0.000000 0.000000 0.000000 1.000000
0.999778 -0.016864 -0.012645 -0.000000 0.014117 0.981215 -0.192400 5.245300 0.015652 0.192179 0.981235 0.258800 0.000000 0.000000 0.000000 1.000000
0.999883 -0.012164 -0.009323 0.000000 0.010154 0.981429 -0.191559 5.245300 0.011480 0.191441 0.981437 0.258800 0.000000 0.000000 0.000000 1.000000
0.999945 -0.008959 -0.005460 0.000000 0.007743 0.981326 -0.192195 5.245300 0.007080 0.192142 0.981342 0.258800 0.000000 0.000000 0.000000 1.000000
0.999972 -0.007353 -0.001132 0.000000 0.006992 0.980876 -0.194510 5.245300 0.002541 0.194496 0.980900 0.258800 0.000000 0.000000 0.000000 1.000000
0.999958 -0.008418 0.003650 0.000000 0.008977 0.979826 -0.199649 5.245300 -0.001896 0.199673 0.979861 0.258800 0.000000 0.000000 0.000000 1.000000
0.999911 -0.010103 0.008729 0.000000 0.011681 0.978606 -0.205410 5.245300 -0.006467 0.205494 0.978637 0.258800 0.000000 0.000000 0.000000 1.000000
0.999827 -0.012262 0.014020 0.000000 0.014953 0.977236 -0.211626 5.245300 -0.011106 0.211799 0.977250 0.258800 0.000000 0.000000 0.000000 1.000000
0.999724 -0.013334 0.019358 -0.000000 0.017214 0.976102 -0.216630 5.245300 -0.016007 0.216904 0.976062 0.258800 0.000000 0.000000 0.000000 1.000000
0.999616 -0.012729 0.024607 -0.000000 0.017832 0.975377 -0.219821 5.245300 -0.021203 0.220176 0.975230 0.258800 0.000000 0.000000 0.000000 1.000000
0.999498 -0.010982 0.029732 0.000000 0.017311 0.974934 -0.221818 5.245300 -0.026551 0.222221 0.974635 0.258800 0.000000 0.000000 0.000000 1.000000
0.999375 -0.007293 0.034581 0.000000 0.014790 0.974979 -0.221802 5.245300 -0.032098 0.222175 0.974478 0.258800 0.000000 0.000000 0.000000 1.000000
0.999233 -0.002049 0.039116 0.000000 0.010622 0.975388 -0.220239 5.245300 -0.037702 0.220485 0.974661 0.258800 0.000000 0.000000 0.000000 1.000000
0.999040 0.007927 0.043083 0.000000 0.001467 0.976884 -0.213764 5.245300 -0.043782 0.213622 0.975935 0.258800 0.000000 0.000000 0.000000 1.000000
0.998659 0.022675 0.046539 0.000000 -0.012808 0.979243 -0.202285 5.245300 -0.050160 0.201418 0.978220 0.258800 0.000000 0.000000 0.000000 1.000000
0.998042 0.037903 0.049754 0.000000 -0.027792 0.981366 -0.190129 5.245300 -0.056034 0.188374 0.980498 0.258800 0.000000 0.000000 0.000000 1.000000</float_array><technique_common><accessor source="#Spine-Matrix-animation-output-transform-array" count="96" stride="16"><param type="float4x4"/></accessor></technique_common></source><source id="Spine-Interpolations"><Name_array id="Spine-Interpolations-array" count="96">
 LINEAR LINEAR LINEAR LINEAR LINEAR LINEAR LINEAR LINEAR LINEAR LINEAR LINEAR
LINEAR LINEAR LINEAR LINEAR LINEAR LINEAR LINEAR LINEAR LINEAR LINEAR LINEAR LINEAR
LINEAR LINEAR LINEAR LINEAR LINEAR LINEAR LINEAR LINEAR LINEAR LINEAR LINEAR LINEAR
LINEAR LINEAR LINEAR LINEAR LINEAR LINEAR LINEAR LINEAR LINEAR LINEAR LINEAR LINEAR
LINEAR LINEAR LINEAR LINEAR LINEAR LINEAR LINEAR LINEAR LINEAR LINEAR LINEAR LINEAR
LINEAR LINEAR LINEAR LINEAR LINEAR LINEAR LINEAR LINEAR LINEAR LINEAR LINEAR LINEAR
LINEAR LINEAR LINEAR LINEAR LINEAR LINEAR LINEAR LINEAR LINEAR LINEAR LINEAR LINEAR
LINEAR LINEAR LINEAR LINEAR LINEAR LINEAR LINEAR LINEAR LINEAR LINEAR LINEAR LINEAR
LINEAR</Name_array><technique_common><accessor source="#Spine-Interpolations-array" count="96"><param type="name"/></accessor></technique_common></source><sampler id="Spine-Matrix-animation-transform"><input semantic="INPUT" source="#Spine-Matrix-animation-input"/><input semantic="OUTPUT" source="#Spine-Matrix-animation-output-transform"/><input semantic="INTERPOLATION" source="#Spine-Interpolations"/></sampler><channel source="#Spine-Matrix-animation-transform" target="Spine/matrix"/></animation>
    <animation id="Spine1-anim" name="Spine1"><source id="Spine1-Matrix-animation-input"><float_array id="Spine1-Matrix-animation-input-array" count="96">

0.000000 0.033333 0.066667 0.100000 0.133333 0.166667 0.200000 0.233333 0.266667 0.300000 0.333333 0.366667 0.400000 0.433333 0.466667 0.500000
0.533333 0.566667 0.600000 0.633333 0.666667 0.700000 0.733333 0.766667 0.800000 0.833333 0.866667 0.900000 0.933333 0.966667 1.000000 1.033333
1.066667 1.100000 1.133333 1.166667 1.200000 1.233333 1.266667 1.300000 1.333333 1.366667 1.400000 1.433333 1.466667 1.500000 1.533333 1.566667
1.600000 1.633333 1.666667 1.700000 1.733333 1.766667 1.800000 1.833333 1.866667 1.900000 1.933333 1.966667 2.000000 2.033333 2.066667 2.100000
2.133333 2.166667 2.200000 2.233333 2.266667 2.300000 2.333333 2.366667 2.400000 2.433333 2.466667 2.500000 2.533333 2.566667 2.600000 2.633333
2.666667 2.700000 2.733333 2.766667 2.800000 2.833333 2.866667 2.900000 2.933333 2.966667 3.000000 3.033333 3.066667 3.100000 3.133333 3.166667</float_array><technique_common><accessor source="#Spine1-Matrix-animation-input-array" count="96"><param name="TIME" type="float"/></accessor></technique_common></source><source id="Spine1-Matrix-animation-output-transform"><float_array id="Spine1-Matrix-animation-output-transform-array" count="1536">

0.992503 0.074360 0.097002 -0.031400 -0.064009 0.992328 -0.105775 11.044900 -0.104123 0.098773 0.989648 -0.697600 0.000000 0.000000 0.000000 1.000000
0.992079 0.082089 0.095078 -0.031400 -0.071651 0.991519 -0.108428 11.044900 -0.103173 0.100757 0.989547 -0.697600 0.000000 0.000000 0.000000 1.000000
0.991825 0.088472 0.091958 -0.031400 -0.078165 0.990830 -0.110207 11.044900 -0.100865 0.102118 0.989645 -0.697600 0.000000 0.000000 0.000000 1.000000
0.991572 0.096571 0.086370 -0.031400 -0.086373 0.989616 -0.114892 11.044900 -0.096568 0.106464 0.989616 -0.697600 0.000000 0.000000 0.000000 1.000000
0.991423 0.104626 0.078315 -0.031400 -0.094701 0.988100 -0.121204 11.044900 -0.090064 0.112748 0.989533 -0.697600 0.000000 0.000000 0.000000 1.000000
0.991405 0.112080 0.067478 -0.031400 -0.102714 0.986295 -0.129123 11.044900 -0.081025 0.121082 0.989330 -0.697600 0.000000 0.000000 0.000000 1.000000
0.991517 0.118436 0.053536 -0.031400 -0.110077 0.984206 -0.138640 11.044900 -0.069111 0.131571 0.988895 -0.697600 0.000000 0.000000 0.000000 1.000000
0.991764 0.122852 0.036213 -0.031400 -0.115999 0.981444 -0.152679 11.044900 -0.054298 0.147221 0.987612 -0.697600 0.000000 0.000000 0.000000 1.000000
0.991968 0.125589 0.015079 -0.031400 -0.121130 0.977491 -0.172741 11.044900 -0.036434 0.169527 0.984852 -0.697600 0.000000 0.000000 0.000000 1.000000
0.991681 0.126754 -0.022393 -0.031400 -0.128679 0.972052 -0.196356 11.044900 -0.003122 0.197605 0.980277 -0.697600 0.000000 0.000000 0.000000 1.000000
0.990366 0.126395 -0.056561 -0.031400 -0.135935 0.965254 -0.223174 11.044900 0.026388 0.228713 0.973136 -0.697600 0.000000 0.000000 0.000000 1.000000
0.989054 0.123543 -0.080675 -0.031400 -0.140010 0.958357 -0.248896 11.044900 0.046566 0.257467 0.965164 -0.697600 0.000000 0.000000 0.000000 1.000000
0.987820 0.120122 -0.098903 -0.031400 -0.142576 0.953327 -0.266158 11.044900 0.062316 0.277017 0.958842 -0.697600 0.000000 0.000000 0.000000 1.000000
0.987291 0.110814 -0.113918 -0.031400 -0.139289 0.948497 -0.284521 11.044900 0.076522 0.296772 0.951877 -0.697600 0.000000 0.000000 0.000000 1.000000
0.987285 0.099355 -0.124086 -0.031400 -0.132249 0.946493 -0.294382 11.044900 0.088198 0.307049 0.947598 -0.697600 0.000000 0.000000 0.000000 1.000000
0.988529 0.077508 -0.129628 -0.031400 -0.113662 0.946968 -0.300555 11.044900 0.099458 0.311841 0.944914 -0.697600 0.000000 0.000000 0.000000 1.000000
0.989631 0.047425 -0.135577 -0.031400 -0.087282 0.948207 -0.305426 11.044900 0.114071 0.314092 0.942515 -0.697600 0.000000 0.000000 0.000000 1.000000
0.990639 0.009236 -0.136193 -0.031400 -0.051478 0.949321 -0.310063 11.044900 0.126427 0.314171 0.940911 -0.697600 0.000000 0.000000 0.000000 1.000000
0.991126 -0.035337 -0.128141 -0.031400 -0.005641 0.951968 -0.306145 11.044900 0.132805 0.304151 0.943321 -0.697600 0.000000 0.000000 0.000000 1.000000
0.990563 -0.075798 -0.114194 -0.031400 0.039452 0.955586 -0.292061 11.044900 0.131260 0.284799 0.949558 -0.697600 0.000000 0.000000 0.000000 1.000000
0.989969 -0.106058 -0.093340 -0.031400 0.077758 0.960611 -0.266796 11.044900 0.117959 0.256862 0.959222 -0.697600 0.000000 0.000000 0.000000 1.000000
0.988760 -0.133522 -0.067267 -0.031400 0.113261 0.962639 -0.245965 11.044900 0.097595 0.235582 0.966942 -0.697600 0.000000 0.000000 0.000000 1.000000
0.986942 -0.155827 -0.040775 -0.031400 0.143165 0.964647 -0.221270 11.044900 0.073813 0.212543 0.974360 -0.697600 0.000000 0.000000 0.000000 1.000000
0.985738 -0.167981 -0.010124 -0.031400 0.162923 0.967661 -0.192583 11.044900 0.042147 0.188187 0.981228 -0.697600 0.000000 0.000000 0.000000 1.000000
0.984985 -0.170546 0.026821 -0.031400 0.172617 0.970232 -0.169864 11.044900 0.002947 0.171943 0.985102 -0.697600 0.000000 0.000000 0.000000 1.000000
0.983583 -0.170074 0.060328 -0.031400 0.177290 0.973077 -0.147275 11.044900 -0.033656 0.155552 0.987254 -0.697600 0.000000 0.000000 0.000000 1.000000
0.981947 -0.169725 0.083507 -0.031400 0.178108 0.978282 -0.106027 11.044900 -0.063698 0.118987 0.990851 -0.697600 0.000000 0.000000 0.000000 1.000000
