<?xml version="1.0" encoding="utf-8"?>
<COLLADA xmlns="http://www.collada.org/2005/11/COLLADASchema" version="1.4.1">
  <asset><contributor><author>Mixamo</author><authoring_tool>COLLADA Mixamo exporter</authoring_tool><comments></comments></contributor><created>2020-10-21T19:58:37Z</created><modified>2020-10-21T19:58:37Z</modified><revision></revision><title></title><unit meter="0.010000"/><up_axis>Y_UP</up_axis></asset>
  <library_animations>
    <animation id="Hips-anim" name="Hips"><source id="Hips-Matrix-animation-input"><float_array id="Hips-Matrix-animation-input-array" count="122">

0.000000 0.033333 0.066667 0.100000 0.133333 0.166667 0.200000 0.233333 0.266667 0.300000 0.333333 0.366667 0.400000 0.433333 0.466667 0.500000
0.533333 0.566667 0.600000 0.633333 0.666667 0.700000 0.733333 0.766667 0.800000 0.833333 0.866667 0.900000 0.933333 0.966667 1.000000 1.033333
1.066667 1.100000 1.133333 1.166667 1.200000 1.233333 1.266667 1.300000 1.333333 1.366667 1.400000 1.433333 1.466667 1.500000 1.533333 1.566667
1.600000 1.633333 1.666667 1.700000 1.733333 1.766667 1.800000 1.833333 1.866667 1.900000 1.933333 1.966667 2.000000 2.033333 2.066667 2.100000
2.133333 2.166667 2.200000 2.233333 2.266667 2.300000 2.333333 2.366667 2.400000 2.433333 2.466667 2.500000 2.533333 2.566667 2.600000 2.633333
2.666667 2.700000 2.733333 2.766667 2.800000 2.833333 2.866667 2.900000 2.933333 2.966667 3.000000 3.033333 3.066667 3.100000 3.133333 3.166667
3.200000 3.233333 3.266667 3.300000 3.333333 3.366667 3.400000 3.433333 3.466667 3.500000 3.533333 3.566667 3.600000 3.633333 3.666667 3.700000
3.733333 3.766667 3.800000 3.833333 3.866667 3.900000 3.933333 3.966667 4.000000 4.033333</float_array><technique_common><accessor source="#Hips-Matrix-animation-input-array" count="122"><param name="TIME" type="float"/></accessor></technique_common></source><source id="Hips-Matrix-animation-output-transform"><float_array id="Hips-Matrix-animation-output-transform-array" count="1952">

0.918790 0.025620 0.393914 -0.164111 0.004722 0.997107 -0.075863 97.323685 -0.394718 0.071562 0.916011 -0.355843 0.000000 0.000000 0.000000 1.000000
0.924845 0.031210 0.379062 0.155454 -0.002748 0.997150 -0.075394 97.192001 -0.380335 0.068686 0.922295 -0.019534 0.000000 0.000000 0.000000 1.000000
0.934297 0.036235 0.354649 0.618848 -0.010730 0.997229 -0.073621 97.072678 -0.356334 0.064979 0.932096 0.433481 0.000000 0.000000 0.000000 1.000000
0.947164 0.041099 0.318106 1.242418 -0.019370 0.997276 -0.071174 96.914383 -0.320165 0.061252 0.945380 0.989647 0.000000 0.000000 0.000000 1.000000
0.962706 0.042331 0.267217 2.044497 -0.025334 0.997449 -0.066739 96.743279 -0.269360 0.057480 0.961323 1.630839 0.000000 0.000000 0.000000 1.000000
0.979301 0.037459 0.198913 3.089641 -0.026618 0.998025 -0.056898 96.522621 -0.200652 0.050425 0.978364 2.353311 0.000000 0.000000 0.000000 1.000000
0.993552 0.026531 0.110230 4.395404 -0.022277 0.998965 -0.039645 96.243683 -0.111168 0.036934 0.993115 3.138824 0.000000 0.000000 0.000000 1.000000
0.999883 0.015309 0.000407 5.929874 -0.015299 0.999727 -0.017665 95.782036 -0.000678 0.017657 0.999844 3.971759 0.000000 0.000000 0.000000 1.000000
0.992111 0.008936 -0.125045 7.672865 -0.008734 0.999960 0.002164 94.981194 0.125059 -0.001054 0.992149 4.846148 0.000000 0.000000 0.000000 1.000000
0.967339 0.007061 -0.253387 9.505911 -0.003978 0.999912 0.012678 93.797714 0.253454 -0.011255 0.967282 5.760809 0.000000 0.000000 0.000000 1.000000
0.929778 0.008026 -0.368034 11.383849 -0.004152 0.999927 0.011316 92.337578 0.368098 -0.008993 0.929744 6.656916 0.000000 0.000000 0.000000 1.000000
0.891480 0.012322 -0.452892 13.310550 -0.012202 0.999920 0.003187 90.721588 0.452895 0.002685 0.891560 7.828481 0.000000 0.000000 0.000000 1.000000
0.864485 0.026009 -0.501986 15.229507 -0.031429 0.999503 -0.002338 89.153290 0.501675 0.017798 0.864873 8.888340 0.000000 0.000000 0.000000 1.000000
0.853505 0.043043 -0.519304 16.971230 -0.053326 0.998565 -0.004878 87.937668 0.518349 0.031856 0.854576 9.706230 0.000000 0.000000 0.000000 1.000000
0.853719 0.052895 -0.518040 18.387106 -0.070339 0.997424 -0.014074 87.317230 0.515961 0.048453 0.855240 10.194119 0.000000 0.000000 0.000000 1.000000
0.858449 0.050615 -0.510395 19.432135 -0.080886 0.996026 -0.037269 87.340408 0.506481 0.073277 0.859132 10.314516 0.000000 0.000000 0.000000 1.000000
0.865199 0.041933 -0.499673 20.175344 -0.088400 0.993645 -0.069679 87.826500 0.493575 0.104457 0.863407 10.140050 0.000000 0.000000 0.000000 1.000000
0.874088 0.035504 -0.484469 20.722803 -0.095205 0.990504 -0.099183 88.514877 0.476347 0.132818 0.869168 9.808834 0.000000 0.000000 0.000000 1.000000
0.883842 0.034062 -0.466544 21.149370 -0.100519 0.987876 -0.118305 89.199150 0.456859 0.151460 0.876550 9.433203 0.000000 0.000000 0.000000 1.000000
0.892080 0.035190 -0.450505 21.490274 -0.103739 0.986284 -0.128380 89.763596 0.439808 0.161260 0.883495 9.062771 0.000000 0.000000 0.000000 1.000000
0.897907 0.036849 -0.438639 21.764412 -0.105983 0.985273 -0.134180 90.169586 0.427235 0.166969 0.888590 8.720335 0.000000 0.000000 0.000000 1.000000
0.902050 0.038664 -0.429897 21.992327 -0.108108 0.984472 -0.138300 90.425293 0.417875 0.171228 0.892223 8.434151 0.000000 0.000000 0.000000 1.000000
0.905178 0.039680 -0.423176 22.205391 -0.109001 0.984007 -0.140885 90.553909 0.410818 0.173653 0.895027 8.223097 0.000000 0.000000 0.000000 1.000000
0.907162 0.038045 -0.419057 22.448668 -0.106891 0.984071 -0.142053 90.575462 0.406977 0.173659 0.896779 8.071844 0.000000 0.000000 0.000000 1.000000
0.907705 0.033014 -0.418309 22.768394 -0.101620 0.984520 -0.142807 90.499474 0.407119 0.172136 0.897008 7.942067 0.000000 0.000000 0.000000 1.000000
0.906954 0.025810 -0.420437 23.190538 -0.094812 0.985017 -0.144056 90.331245 0.410420 0.170515 0.895813 7.808956 0.000000 0.000000 0.000000 1.000000
0.905306 0.017998 -0.424379 23.711922 -0.087889 0.985417 -0.145698 90.081985 0.415568 0.169200 0.893686 7.685913 0.000000 0.000000 0.000000 1.000000
0.902757 0.010264 -0.430028 24.315552 -0.081120 0.985840 -0.146765 89.780617 0.422432 0.167377 0.890806 7.624005 0.000000 0.000000 0.000000 1.000000
0.898744 0.002860 -0.438464 24.980122 -0.074418 0.986466 -0.146104 89.452629 0.432112 0.163940 0.886794 7.667876 0.000000 0.000000 0.000000 1.000000
0.892807 -0.003030 -0.450430 25.688711 -0.068875 0.987300 -0.143160 89.111671 0.445144 0.158837 0.881259 7.822962 0.000000 0.000000 0.000000 1.000000
0.885336 -0.005854 -0.464915 26.439234 -0.066263 0.988125 -0.138626 88.790878 0.460206 0.153538 0.874435 8.064412 0.000000 0.000000 0.000000 1.000000
0.877255 -0.005486 -0.479994 27.239609 -0.067138 0.988704 -0.134004 88.547905 0.475307 0.149781 0.866977 8.370296 0.000000 0.000000 0.000000 1.000000
0.869272 -0.002315 -0.494329 28.097567 -0.071252 0.988960 -0.129927 88.493011 0.489173 0.148164 0.859510 8.762255 0.000000 0.000000 0.000000 1.000000
0.861680 0.003324 -0.507442 28.968723 -0.077383 0.989144 -0.124923 88.694298 0.501518 0.146911 0.852583 9.221795 0.000000 0.000000 0.000000 1.000000
0.860021 0.012560 -0.510104 29.782183 -0.084421 0.989422 -0.117970 89.113373 0.503226 0.144520 0.851984 9.654863 0.000000 0.000000 0.000000 1.000000
0.858715 0.021470 -0.512003 30.419899 -0.090448 0.989786 -0.110192 89.643326 0.504408 0.140933 0.851887 9.904755 0.000000 0.000000 0.000000 1.000000
0.857908 0.030064 -0.512923 30.831148 -0.095542 0.990210 -0.101763 90.191483 0.504842 0.136309 0.852381 9.923482 0.000000 0.000000 0.000000 1.000000
0.857693 0.039511 -0.512643 31.078457 -0.101140 0.990528 -0.092872 90.726646 0.504117 0.131505 0.853564 9.761129 0.000000 0.000000 0.000000 1.000000
0.858109 0.050346 -0.510993 31.236233 -0.107978 0.990622 -0.083724 91.167976 0.501986 0.127020 0.855497 9.505050 0.000000 0.000000 0.000000 1.000000
0.859143 0.062526 -0.507901 31.351263 -0.116120 0.990438 -0.074494 91.533470 0.498387 0.122979 0.858188 9.225809 0.000000 0.000000 0.000000 1.000000
0.860822 0.074870 -0.503368 31.430971 -0.124328 0.990087 -0.065353 91.869476 0.493485 0.118840 0.861597 8.942139 0.000000 0.000000 0.000000 1.000000
0.863223 0.086462 -0.497364 31.458368 -0.131668 0.989684 -0.056475 92.149849 0.487350 0.114237 0.865702 8.629409 0.000000 0.000000 0.000000 1.000000
0.866364 0.097910 -0.489722 31.426470 -0.138949 0.989133 -0.048056 92.407768 0.479695 0.109680 0.870553 8.338627 0.000000 0.000000 0.000000 1.000000
0.870272 0.109227 -0.480309 31.318027 -0.146286 0.988422 -0.040278 92.649574 0.470349 0.105315 0.876174 8.083801 0.000000 0.000000 0.000000 1.000000
0.874950 0.120076 -0.469089 31.126835 -0.153384 0.987606 -0.033289 92.874641 0.459277 0.101077 0.882524 7.878351 0.000000 0.000000 0.000000 1.000000
0.880440 0.130009 -0.455987 30.861065 -0.159824 0.986769 -0.027254 93.076073 0.446410 0.096873 0.889569 7.702855 0.000000 0.000000 0.000000 1.000000
0.886769 0.138628 -0.440934 30.527603 -0.165241 0.986001 -0.022325 93.247803 0.431666 0.092657 0.897262 7.519183 0.000000 0.000000 0.000000 1.000000
0.893947 0.145723 -0.423821 30.101091 -0.169466 0.985360 -0.018648 93.391289 0.414899 0.088494 0.905554 7.325780 0.000000 0.000000 0.000000 1.000000
0.901960 0.151095 -0.404523 29.530416 -0.172326 0.984904 -0.016359 93.507355 0.395944 0.084465 0.914382 7.178872 0.000000 0.000000 0.000000 1.000000
0.910755 0.154698 -0.382876 28.818424 -0.173769 0.984664 -0.015502 93.592117 0.374606 0.080650 0.923670 7.133641 0.000000 0.000000 0.000000 1.000000
0.920078 0.157594 -0.358636 28.082144 -0.174735 0.984491 -0.015671 93.640694 0.350604 0.077085 0.933346 7.169444 0.000000 0.000000 0.000000 1.000000
0.929746 0.159326 -0.331944 27.468893 -0.174683 0.984482 -0.016744 93.639214 0.324125 0.073553 0.943150 7.189913 0.000000 0.000000 0.000000 1.000000
0.939587 0.159309 -0.302979 27.023399 -0.172984 0.984748 -0.018661 93.576645 0.295385 0.069944 0.952814 7.137784 0.000000 0.000000 0.000000 1.000000
0.949429 0.157043 -0.271886 26.668173 -0.169103 0.985367 -0.021356 93.441635 0.264554 0.066253 0.962092 7.048058 0.000000 0.000000 0.000000 1.000000
0.959008 0.152617 -0.238770 26.305977 -0.163120 0.986296 -0.024744 93.219971 0.231722 0.062678 0.970761 7.005073 0.000000 0.000000 0.000000 1.000000
0.967938 0.147374 -0.203412 25.910072 -0.156363 0.987281 -0.028758 92.937943 0.196587 0.059642 0.978671 7.060894 0.000000 0.000000 0.000000 1.000000
0.976110 0.140306 -0.165903 25.489388 -0.147741 0.988465 -0.033296 92.598488 0.159317 0.057011 0.985580 7.185752 0.000000 0.000000 0.000000 1.000000
0.983253 0.131543 -0.126135 25.057594 -0.137324 0.989787 -0.038251 92.222855 0.119815 0.054931 0.991275 7.369868 0.000000 0.000000 0.000000 1.000000
0.988944 0.122186 -0.084026 24.622938 -0.126142 0.991059 -0.043486 91.865242 0.077961 0.053604 0.995514 7.650224 0.000000 0.000000 0.000000 1.000000
0.992754 0.113390 -0.039765 24.186012 -0.115275 0.992132 -0.048835 91.575783 0.033915 0.053065 0.998015 8.062004 0.000000 0.000000 0.000000 1.000000
0.994375 0.105733 0.006212 23.712664 -0.105246 0.992973 -0.054114 91.369865 -0.011890 0.053156 0.998515 8.583493 0.000000 0.000000 0.000000 1.000000
0.993655 0.098976 0.053418 23.125370 -0.095797 0.993643 -0.059124 91.251541 -0.058930 0.053632 0.996820 9.120792 0.000000 0.000000 0.000000 1.000000
0.990533 0.092481 0.101446 22.375530 -0.086307 0.994233 -0.063658 91.209206 -0.106748 0.054300 0.992802 9.564313 0.000000 0.000000 0.000000 1.000000
0.984752 0.088863 0.149555 21.537699 -0.079480 0.994541 -0.067603 91.382210 -0.154746 0.054686 0.986440 9.820627 0.000000 0.000000 0.000000 1.000000
0.976581 0.084154 0.198010 20.644066 -0.071403 0.994939 -0.070689 91.596710 -0.202956 0.054895 0.977648 9.899548 0.000000 0.000000 0.000000 1.000000
0.965348 0.073859 0.250294 19.666861 -0.057286 0.995694 -0.072876 91.709465 -0.254599 0.056013 0.965423 9.849656 0.000000 0.000000 0.000000 1.000000
0.949742 0.056417 0.307908 18.571365 -0.035285 0.996650 -0.073776 91.731735 -0.311039 0.059203 0.948551 9.695312 0.000000 0.000000 0.000000 1.000000
0.929091 0.031133 0.368538 17.300743 -0.004573 0.997342 -0.072724 91.572563 -0.369823 0.065882 0.926764 9.530675 0.000000 0.000000 0.000000 1.000000
0.902832 0.002569 0.429986 15.877729 0.030155 0.997142 -0.069275 91.310059 -0.428935 0.075510 0.900174 9.345546 0.000000 0.000000 0.000000 1.000000
0.871766 -0.024816 0.489293 14.366189 0.064061 0.995916 -0.063626 91.065536 -0.485716 0.086812 0.869795 9.114902 0.000000 0.000000 0.000000 1.000000
0.837519 -0.048812 0.544224 12.812979 0.094533 0.993927 -0.056333 90.872078 -0.538169 0.098627 0.837047 8.844275 0.000000 0.000000 0.000000 1.000000
0.827471 -0.012668 0.561366 10.994711 0.083584 0.991386 -0.100834 89.723206 -0.555253 0.130359 0.821402 9.057860 0.000000 0.000000 0.000000 1.000000
0.824651 0.011616 0.565523 9.475554 0.076475 0.988320 -0.131817 89.259293 -0.560449 0.151951 0.814130 9.163137 0.000000 0.000000 0.000000 1.000000
0.825285 0.024536 0.564183 8.338781 0.075615 0.985258 -0.153456 89.450050 -0.559631 0.169306 0.811264 9.100016 0.000000 0.000000 0.000000 1.000000
0.825796 0.031565 0.563085 7.573360 0.080706 0.981542 -0.173383 90.077286 -0.558165 0.188624 0.808006 8.830101 0.000000 0.000000 0.000000 1.000000
0.826399 0.037009 0.561867 7.069226 0.088115 0.977045 -0.193957 90.834335 -0.556147 0.209795 0.804168 8.398265 0.000000 0.000000 0.000000 1.000000
0.829015 0.040474 0.557760 6.718703 0.093680 0.973232 -0.209864 91.498741 -0.551324 0.226231 0.803033 7.886302 0.000000 0.000000 0.000000 1.000000
0.833598 0.040804 0.550862 6.466031 0.095072 0.971787 -0.215852 91.968727 -0.544128 0.232305 0.806200 7.336975 0.000000 0.000000 0.000000 1.000000
0.838853 0.038898 0.542967 6.286695 0.092302 0.972837 -0.212295 92.233368 -0.536476 0.228201 0.812476 6.732305 0.000000 0.000000 0.000000 1.000000
0.844471 0.036028 0.534389 6.151937 0.086957 0.975276 -0.203165 92.351547 -0.528496 0.218036 0.820459 6.074669 0.000000 0.000000 0.000000 1.000000
0.850837 0.032953 0.524395 6.024133 0.080642 0.978017 -0.192301 92.365349 -0.519204 0.205905 0.829476 5.388494 0.000000 0.000000 0.000000 1.000000
0.857673 0.031169 0.513251 5.865423 0.073891 0.980330 -0.183009 92.282654 -0.508859 0.194886 0.838500 4.702565 0.000000 0.000000 0.000000 1.000000
0.864332 0.033072 0.501832 5.629040 0.066155 0.981688 -0.178639 92.130890 -0.498551 0.187602 0.846317 4.042340 0.000000 0.000000 0.000000 1.000000
0.870505 0.039410 0.490579 5.268432 0.057260 0.981910 -0.180484 91.958717 -0.488817 0.185202 0.852501 3.442018 0.000000 0.000000 0.000000 1.000000
0.876056 0.048291 0.479786 4.752401 0.047684 0.981421 -0.185848 91.812447 -0.479847 0.185692 0.857476 2.929237 0.000000 0.000000 0.000000 1.000000
0.880548 0.056801 0.470542 4.076286 0.038441 0.980963 -0.190352 91.683548 -0.472396 0.185702 0.861601 2.503865 0.000000 0.000000 0.000000 1.000000
0.883502 0.064027 0.464031 3.264061 0.030206 0.980766 -0.192837 91.537811 -0.467452 0.184389 0.864574 2.137017 0.000000 0.000000 0.000000 1.000000
0.884348 0.071799 0.461273 2.360368 0.022927 0.980229 -0.196533 91.339882 -0.466264 0.184380 0.865218 1.807581 0.000000 0.000000 0.000000 1.000000
0.881978 0.082160 0.464073 1.407762 0.016532 0.978688 -0.204688 91.096138 -0.471000 0.188203 0.861823 1.532989 0.000000 0.000000 0.000000 1.000000
0.874962 0.093987 0.474982 0.430269 0.012138 0.976414 -0.215566 90.835403 -0.484040 0.194378 0.853184 1.344430 0.000000 0.000000 0.000000 1.000000
0.863137 0.102724 0.494411 -0.561711 0.011759 0.974736 -0.223049 90.575554 -0.504833 0.198335 0.840123 1.239658 0.000000 0.000000 0.000000 1.000000
0.848694 0.104160 0.518526 -1.552806 0.016612 0.974681 -0.222981 90.351784 -0.528623 0.197857 0.825476 1.189763 0.000000 0.000000 0.000000 1.000000
0.834682 0.100744 0.541440 -2.457354 0.023741 0.975631 -0.218131 90.151588 -0.550221 0.194924 0.811949 1.117758 0.000000 0.000000 0.000000 1.000000
0.822864 0.097336 0.559840 -3.249951 0.031118 0.976023 -0.215433 90.030121 -0.567386 0.194694 0.800105 1.017106 0.000000 0.000000 0.000000 1.000000
0.813578 0.096684 0.573361 -3.932622 0.037883 0.975170 -0.218194 90.029907 -0.580220 0.199239 0.789714 0.914582 0.000000 0.000000 0.000000 1.000000
0.807087 0.097587 0.582312 -4.529313 0.043459 0.973753 -0.223421 90.160294 -0.588831 0.205627 0.781662 0.851675 0.000000 0.000000 0.000000 1.000000
0.803183 0.097833 0.587644 -5.049296 0.047274 0.972846 -0.226576 90.431442 -0.593853 0.209762 0.776748 0.875195 0.000000 0.000000 0.000000 1.000000
0.799766 0.097326 0.592369 -5.456065 0.049019 0.972887 -0.226026 90.830109 -0.598307 0.209805 0.773312 0.970939 0.000000 0.000000 0.000000 1.000000
0.793897 0.095701 0.600474 -5.711879 0.050661 0.973692 -0.222163 91.343201 -0.605938 0.206795 0.768163 1.068013 0.000000 0.000000 0.000000 1.000000
0.785077 0.090467 0.612756 -5.815147 0.055147 0.975139 -0.214624 91.959358 -0.616939 0.202288 0.760569 1.087855 0.000000 0.000000 0.000000 1.000000
0.776797 0.080154 0.624629 -5.786371 0.062247 0.977237 -0.202813 92.635193 -0.626667 0.196426 0.754125 0.991277 0.000000 0.000000 0.000000 1.000000
0.774209 0.066378 0.629440 -5.670319 0.069256 0.979630 -0.188492 93.337242 -0.629130 0.189524 0.753841 0.822236 0.000000 0.000000 0.000000 1.000000
0.779727 0.052844 0.623885 -5.511451 0.073623 0.981781 -0.175172 94.047020 -0.621776 0.182519 0.761631 0.647425 0.000000 0.000000 0.000000 1.000000
0.791013 0.042077 0.610351 -5.322211 0.074518 0.983578 -0.164381 94.735245 -0.607244 0.175509 0.774888 0.478942 0.000000 0.000000 0.000000 1.000000
0.803608 0.033619 0.594209 -5.082492 0.072812 0.985350 -0.154219 95.353668 -0.590689 0.167197 0.789387 0.277881 0.000000 0.000000 0.000000 1.000000
0.814920 0.026087 0.578986 -4.769513 0.069559 0.987363 -0.142391 95.852654 -0.575384 0.156311 0.802808 0.009878 0.000000 0.000000 0.000000 1.000000
0.825045 0.019248 0.564740 -4.403592 0.065616 0.989395 -0.129583 96.242081 -0.561245 0.143968 0.815032 -0.293428 0.000000 0.000000 0.000000 1.000000
0.834606 0.014281 0.550663 -4.039427 0.061344 0.991036 -0.118676 96.580582 -0.547422 0.132827 0.826248 -0.556524 0.000000 0.000000 0.000000 1.000000
0.843166 0.011791 0.537524 -3.720457 0.056917 0.992184 -0.111044 96.927650 -0.534632 0.124223 0.835905 -0.713895 0.000000 0.000000 0.000000 1.000000
0.849861 0.012236 0.526865 -3.438758 0.050762 0.993181 -0.104949 97.235313 -0.524556 0.115937 0.843445 -0.785239 0.000000 0.000000 0.000000 1.000000
0.855011 0.013585 0.518432 -3.171365 0.043505 0.994255 -0.097801 97.477585 -0.516782 0.106175 0.849507 -0.796134 0.000000 0.000000 0.000000 1.000000
0.860169 0.013811 0.509822 -2.897403 0.036713 0.995363 -0.088907 97.648972 -0.508686 0.095192 0.855674 -0.782184 0.000000 0.000000 0.000000 1.000000
0.866736 0.012744 0.498604 -2.600947 0.031249 0.996322 -0.079787 97.759247 -0.497787 0.084736 0.863150 -0.780806 0.000000 0.000000 0.000000 1.000000
0.874918 0.011799 0.484127 -2.267670 0.026792 0.996993 -0.072718 97.824364 -0.483529 0.076593 0.871971 -0.811589 0.000000 0.000000 0.000000 1.000000
0.883912 0.012388 0.467488 -1.890792 0.022572 0.997354 -0.069108 97.851013 -0.467107 0.071637 0.881294 -0.872922 0.000000 0.000000 0.000000 1.000000
0.892628 0.014265 0.450568 -1.490200 0.018716 0.997465 -0.068658 97.844070 -0.450405 0.069719 0.890098 -0.943292 0.000000 0.000000 0.000000 1.000000
0.900137 0.016244 0.435305 -1.114191 0.015735 0.997440 -0.069757 97.790703 -0.435323 0.069641 0.897577 -0.998251 0.000000 0.000000 0.000000 1.000000
0.906052 0.014954 0.422902 -0.830014 0.016612 0.997348 -0.070856 97.775024 -0.422841 0.071225 0.903401 -0.977762 0.000000 0.000000 0.000000 1.000000
0.910189 0.012618 0.414001 -0.645988 0.018781 0.997251 -0.071684 97.757996 -0.413767 0.073021 0.907449 -0.887290 0.000000 0.000000 0.000000 1.000000
0.912914 0.013833 0.407918 -0.512428 0.017474 0.997184 -0.072924 97.658447 -0.407778 0.073702 0.910102 -0.758234 0.000000 0.000000 0.000000 1.000000
0.915291 0.019085 0.402342 -0.370465 0.012041 0.997134 -0.074691 97.492599 -0.402614 0.073208 0.912438 -0.589906 0.000000 0.000000 0.000000 1.000000
0.918790 0.025620 0.393914 -0.164104 0.004722 0.997107 -0.075863 97.323685 -0.394718 0.071562 0.916011 -0.355843 0.000000 0.000000 0.000000 1.000000</float_array><technique_common><accessor source="#Hips-Matrix-animation-output-transform-array" count="122" stride="16"><param type="float4x4"/></accessor></technique_common></source><source id="Hips-Interpolations"><Name_array id="Hips-Interpolations-array" count="122">
 LINEAR LINEAR LINEAR LINEAR LINEAR LINEAR LINEAR LINEAR LINEAR LINEAR LINEAR
LINEAR LINEAR LINEAR LINEAR LINEAR LINEAR LINEAR LINEAR LINEAR LINEAR LINEAR LINEAR
LINEAR LINEAR LINEAR LINEAR LINEAR LINEAR LINEAR LINEAR LINEAR LINEAR LINEAR LINEAR
LINEAR LINEAR LINEAR LINEAR LINEAR LINEAR LINEAR LINEAR LINEAR LINEAR LINEAR LINEAR
LINEAR LINEAR LINEAR LINEAR LINEAR LINEAR LINEAR LINEAR LINEAR LINEAR LINEAR LINEAR
LINEAR LINEAR LINEAR LINEAR LINEAR LINEAR LINEAR LINEAR LINEAR LINEAR LINEAR LINEAR
LINEAR LINEAR LINEAR LINEAR LINEAR LINEAR LINEAR LINEAR LINEAR LINEAR LINEAR LINEAR
LINEAR LINEAR LINEAR LINEAR LINEAR LINEAR LINEAR LINEAR LINEAR LINEAR LINEAR LINEAR
LINEAR LINEAR LINEAR LINEAR LINEAR LINEAR LINEAR LINEAR LINEAR LINEAR LINEAR LINEAR
LINEAR LINEAR LINEAR LINEAR LINEAR LINEAR LINEAR LINEAR LINEAR LINEAR LINEAR LINEAR
LINEAR LINEAR LINEAR</Name_array><technique_common><accessor source="#Hips-Interpolations-array" count="122"><param type="name"/></accessor></technique_common></source><sampler id="Hips-Matrix-animation-transform"><input semantic="INPUT" source="#Hips-Matrix-animation-input"/><input semantic="OUTPUT" source="#Hips-Matrix-animation-output-transform"/><input semantic="INTERPOLATION" source="#Hips-Interpolations"/></sampler><channel source="#Hips-Matrix-animation-transform" target="Hips/matrix"/></animation>
    <animation id="Spine-anim" name="Spine"><source id="Spine-Matrix-animation-input"><float_array id="Spine-Matrix-animation-input-array" count="122">

0.000000 0.033333 0.066667 0.100000 0.133333 0.166667 0.200000 0.233333 0.266667 0.300000 0.333333 0.366667 0.400000 0.433333 0.466667 0.500000
0.533333 0.566667 0.600000 0.633333 0.666667 0.700000 0.733333 0.766667 0.800000 0.833333 0.866667 0.900000 0.933333 0.966667 1.000000 1.033333
1.066667 1.100000 1.133333 1.166667 1.200000 1.233333 1.266667 1.300000 1.333333 1.366667 1.400000 1.433333 1.466667 1.500000 1.533333 1.566667
1.600000 1.633333 1.666667 1.700000 1.733333 1.766667 1.800000 1.833333 1.866667 1.900000 1.933333 1.966667 2.000000 2.033333 2.066667 2.100000
2.133333 2.166667 2.200000 2.233333 2.266667 2.300000 2.333333 2.366667 2.400000 2.433333 2.466667 2.500000 2.533333 2.566667 2.600000 2.633333
2.666667 2.700000 2.733333 2.766667 2.800000 2.833333 2.866667 2.900000 2.933333 2.966667 3.000000 3.033333 3.066667 3.100000 3.133333 3.166667
3.200000 3.233333 3.266667 3.300000 3.333333 3.366667 3.400000 3.433333 3.466667 3.500000 3.533333 3.566667 3.600000 3.633333 3.666667 3.700000
3.733333 3.766667 3.800000 3.833333 3.866667 3.900000 3.933333 3.966667 4.000000 4.033333</float_array><technique_common><accessor source="#Spine-Matrix-animation-input-array" count="122"><param name="TIME" type="float"/></accessor></technique_common></source><source id="Spine-Matrix-animation-output-transform"><float_array id="Spine-Matrix-animation-output-transform-array" count="1952">

0.996517 -0.075025 -0.036391 0.000000 0.072110 0.994520 -0.075694 5.245300 0.041870 0.072806 0.996467 0.258800 0.000000 0.000000 0.000000 1.000000
0.996976 -0.069191 -0.035372 0.000000 0.066359 0.994914 -0.075783 5.245300 0.040436 0.073206 0.996497 0.258800 0.000000 0.000000 0.000000 1.000000
0.997431 -0.063417 -0.033304 -0.000000 0.060733 0.995242 -0.076194 5.245300 0.037978 0.073976 0.996537 0.258800 0.000000 0.000000 0.000000 1.000000
0.997891 -0.057636 -0.029848 0.000000 0.055196 0.995504 -0.076977 5.245300 0.034151 0.075167 0.996586 0.258800 0.000000 0.000000 0.000000 1.000000
0.998397 -0.050865 -0.024820 0.000000 0.048769 0.995698 -0.078785 5.245300 0.028721 0.077448 0.996583 0.258800 0.000000 0.000000 0.000000 1.000000
0.998959 -0.041943 -0.017911 0.000000 0.040319 0.995732 -0.083017 5.245300 0.021317 0.082208 0.996387 0.258800 0.000000 0.000000 0.000000 1.000000
0.999535 -0.029169 -0.008889 0.000000 0.028241 0.995457 -0.090926 5.245300 0.011501 0.090632 0.995818 0.258800 0.000000 0.000000 0.000000 1.000000
0.999932 -0.011507 0.002035 0.000000 0.011655 0.994686 -0.102297 5.245300 -0.000847 0.102313 0.994752 0.258800 0.000000 0.000000 0.000000 1.000000
0.999851 0.011024 0.013300 0.000000 -0.009421 0.993311 -0.115081 5.245300 -0.014480 0.114938 0.993267 0.258800 0.000000 0.000000 0.000000 1.000000
0.999076 0.037112 0.021691 0.000000 -0.034075 0.991359 -0.126674 5.245300 -0.026204 0.125818 0.991707 0.258800 0.000000 0.000000 0.000000 1.000000
0.997755 0.062348 0.024468 0.000000 -0.058472 0.989015 -0.135756 5.245300 -0.032663 0.134020 0.990440 0.258800 0.000000 0.000000 0.000000 1.000000
0.996756 0.077283 0.022489 0.000000 -0.073303 0.987017 -0.142913 5.245300 -0.033242 0.140800 0.989480 0.258800 0.000000 0.000000 0.000000 1.000000
0.996556 0.080867 0.018345 0.000000 -0.077229 0.985704 -0.149743 5.245300 -0.030192 0.147811 0.988555 0.258800 0.000000 0.000000 0.000000 1.000000
0.996837 0.078036 0.015077 0.000000 -0.074729 0.984838 -0.156557 5.245300 -0.027065 0.154935 0.987554 0.258800 0.000000 0.000000 0.000000 1.000000
0.996912 0.077348 0.013582 -0.000000 -0.074149 0.984062 -0.161628 5.245300 -0.025867 0.160122 0.986758 0.258800 0.000000 0.000000 0.000000 1.000000
0.996476 0.082850 0.013061 -0.000000 -0.079621 0.983375 -0.163202 5.245300 -0.026365 0.161587 0.986506 0.258800 0.000000 0.000000 0.000000 1.000000
0.995773 0.090901 0.013142 -0.000000 -0.087592 0.982924 -0.161830 5.245300 -0.027628 0.159995 0.986731 0.258800 0.000000 0.000000 0.000000 1.000000
0.995288 0.095900 0.014339 0.000000 -0.092391 0.982788 -0.159974 5.245300 -0.029434 0.157895 0.987017 0.258800 0.000000 0.000000 0.000000 1.000000
0.995185 0.096529 0.016999 -0.000000 -0.092608 0.982850 -0.159468 5.245300 -0.032101 0.157125 0.987057 0.258800 0.000000 0.000000 0.000000 1.000000
0.995208 0.095578 0.020616 0.000000 -0.091079 0.982896 -0.160061 5.245300 -0.035562 0.157416 0.986892 0.258800 0.000000 0.000000 0.000000 1.000000
0.995116 0.095680 0.024270 -0.000000 -0.090588 0.982874 -0.160478 5.245300 -0.039209 0.157496 0.986741 0.258800 0.000000 0.000000 0.000000 1.000000
0.994904 0.097007 0.027503 0.000000 -0.091408 0.982861 -0.160092 5.245300 -0.042562 0.156762 0.986719 0.258800 0.000000 0.000000 0.000000 1.000000
0.994674 0.098469 0.030461 0.000000 -0.092431 0.982917 -0.159157 5.245300 -0.045613 0.155494 0.986783 0.258800 0.000000 0.000000 0.000000 1.000000
0.994480 0.099514 0.033260 -0.000000 -0.093087 0.983047 -0.157965 5.245300 -0.048416 0.153997 0.986884 0.258800 0.000000 0.000000 0.000000 1.000000
0.994308 0.100439 0.035550 0.000000 -0.093730 0.983241 -0.156372 5.245300 -0.050660 0.152150 0.987058 0.258800 0.000000 0.000000 0.000000 1.000000
0.994130 0.101723 0.036839 -0.000000 -0.094919 0.983474 -0.154173 5.245300 -0.051913 0.149771 0.987357 0.258800 0.000000 0.000000 0.000000 1.000000
0.993914 0.103722 0.037110 0.000000 -0.096996 0.983678 -0.151554 5.245300 -0.052224 0.147032 0.987752 0.258800 0.000000 0.000000 0.000000 1.000000
0.993619 0.106561 0.036971 -0.000000 -0.099961 0.983771 -0.149004 5.245300 -0.052249 0.144357 0.988145 0.258800 0.000000 0.000000 0.000000 1.000000
0.993206 0.110254 0.037235 0.000000 -0.103691 0.983701 -0.146900 5.245300 -0.052825 0.142041 0.988450 0.258800 0.000000 0.000000 0.000000 1.000000
0.992708 0.114275 0.038362 0.000000 -0.107605 0.983524 -0.145262 5.245300 -0.054330 0.140075 0.988649 0.258800 0.000000 0.000000 0.000000 1.000000
0.992297 0.117149 0.040281 -0.000000 -0.110264 0.983438 -0.143845 5.245300 -0.056465 0.138295 0.988780 0.258800 0.000000 0.000000 0.000000 1.000000
0.992243 0.116765 0.042665 0.000000 -0.109638 0.983717 -0.142412 5.245300 -0.058599 0.136629 0.988888 0.258800 0.000000 0.000000 0.000000 1.000000
0.992727 0.111568 0.045224 0.000000 -0.104221 0.984509 -0.140998 5.245300 -0.060254 0.135259 0.988976 0.258800 0.000000 0.000000 0.000000 1.000000
0.993620 0.102233 0.047625 -0.000000 -0.094701 0.985616 -0.139974 5.245300 -0.061250 0.134571 0.989009 0.258800 0.000000 0.000000 0.000000 1.000000
0.994538 0.091967 0.049352 0.000000 -0.084294 0.986586 -0.139793 5.245300 -0.061546 0.134869 0.988950 0.258800 0.000000 0.000000 0.000000 1.000000
0.995197 0.084136 0.050046 -0.000000 -0.076385 0.987121 -0.140561 5.245300 -0.061228 0.136063 0.988806 0.258800 0.000000 0.000000 0.000000 1.000000
0.995531 0.080208 0.049846 -0.000000 -0.072433 0.987225 -0.141914 5.245300 -0.060592 0.137670 0.988623 0.258800 0.000000 0.000000 0.000000 1.000000
0.995639 0.079106 0.049449 0.000000 -0.071310 0.987105 -0.143316 5.245300 -0.060148 0.139165 0.988441 0.258800 0.000000 0.000000 0.000000 1.000000
0.995659 0.078886 0.049402 0.000000 -0.071030 0.986960 -0.144445 5.245300 -0.060152 0.140309 0.988279 0.258800 0.000000 0.000000 0.000000 1.000000
0.995696 0.078259 0.049647 0.000000 -0.070326 0.986894 -0.145240 5.245300 -0.060363 0.141124 0.988150 0.258800 0.000000 0.000000 0.000000 1.000000
0.995762 0.077264 0.049886 0.000000 -0.069278 0.986904 -0.145678 5.245300 -0.060488 0.141604 0.988074 0.258800 0.000000 0.000000 0.000000 1.000000
0.995767 0.077068 0.050093 0.000000 -0.069060 0.986932 -0.145592 5.245300 -0.060658 0.141516 0.988076 0.258800 0.000000 0.000000 0.000000 1.000000
0.995713 0.077453 0.050560 0.000000 -0.069434 0.987045 -0.144641 5.245300 -0.061108 0.140510 0.988192 0.258800 0.000000 0.000000 0.000000 1.000000
0.995620 0.078224 0.051197 0.000000 -0.070235 0.987283 -0.142619 5.245300 -0.061702 0.138399 0.988453 0.258800 0.000000 0.000000 0.000000 1.000000
0.995542 0.079004 0.051518 -0.000000 -0.071153 0.987647 -0.139612 5.245300 -0.061912 0.135324 0.988865 0.258800 0.000000 0.000000 0.000000 1.000000
0.995507 0.079632 0.051235 0.000000 -0.072038 0.988086 -0.136004 5.245300 -0.061455 0.131702 0.989383 0.258800 0.000000 0.000000 0.000000 1.000000
0.995502 0.080049 0.050669 0.000000 -0.072752 0.988529 -0.132355 5.245300 -0.060682 0.128074 0.989906 0.258800 0.000000 0.000000 0.000000 1.000000
0.995541 0.079799 0.050311 -0.000000 -0.072740 0.988945 -0.129219 5.245300 -0.060066 0.124983 0.990339 0.258800 0.000000 0.000000 0.000000 1.000000
0.995655 0.078405 0.050242 -0.000000 -0.071505 0.989339 -0.126871 5.245300 -0.059653 0.122727 0.990646 0.258800 0.000000 0.000000 0.000000 1.000000
0.995862 0.075786 0.050163 0.000000 -0.069021 0.989744 -0.125071 5.245300 -0.059127 0.121091 0.990879 0.258800 0.000000 0.000000 0.000000 1.000000
0.996114 0.072554 0.049931 -0.000000 -0.065942 0.990179 -0.123278 5.245300 -0.058385 0.119507 0.991115 0.258800 0.000000 0.000000 0.000000 1.000000
0.996336 0.069633 0.049666 0.000000 -0.063188 0.990606 -0.121271 5.245300 -0.057644 0.117688 0.991376 0.258800 0.000000 0.000000 0.000000 1.000000
0.996467 0.067895 0.049437 0.000000 -0.061591 0.990928 -0.119453 5.245300 -0.057098 0.115986 0.991608 0.258800 0.000000 0.000000 0.000000 1.000000
0.996507 0.067591 0.049051 0.000000 -0.061394 0.991066 -0.118399 5.245300 -0.056615 0.114974 0.991754 0.258800 0.000000 0.000000 0.000000 1.000000
0.996522 0.067900 0.048307 0.000000 -0.061798 0.991064 -0.118205 5.245300 -0.055901 0.114809 0.991813 0.258800 0.000000 0.000000 0.000000 1.000000
0.996547 0.068346 0.047151 0.000000 -0.062357 0.990990 -0.118533 5.245300 -0.054828 0.115184 0.991830 0.258800 0.000000 0.000000 0.000000 1.000000
0.996567 0.069133 0.045558 0.000000 -0.063295 0.990868 -0.119052 5.245300 -0.053373 0.115760 0.991842 0.258800 0.000000 0.000000 0.000000 1.000000
0.996593 0.070114 0.043430 -0.000000 -0.064487 0.990721 -0.119640 5.245300 -0.051415 0.116431 0.991867 0.258800 0.000000 0.000000 0.000000 1.000000
0.996701 0.070206 0.040717 -0.000000 -0.064864 0.990619 -0.120274 5.245300 -0.048779 0.117236 0.991905 0.258800 0.000000 0.000000 0.000000 1.000000
0.996967 0.068170 0.037557 0.000000 -0.063183 0.990648 -0.120928 5.245300 -0.045450 0.118188 0.991951 0.258800 0.000000 0.000000 0.000000 1.000000
0.997403 0.063356 0.034253 0.000000 -0.058764 0.990839 -0.121591 5.245300 -0.041643 0.119262 0.991989 0.258800 0.000000 0.000000 0.000000 1.000000
0.997969 0.055544 0.031182 0.000000 -0.051343 0.991162 -0.122314 5.245300 -0.037700 0.120465 0.992001 0.258800 0.000000 0.000000 0.000000 1.000000
0.998600 0.044419 0.028708 0.000000 -0.040564 0.991552 -0.123205 5.245300 -0.033938 0.121868 0.991966 0.258800 0.000000 0.000000 0.000000 1.000000
0.999199 0.029306 0.027254 0.000000 -0.025702 0.991912 -0.124298 5.245300 -0.030676 0.123498 0.991871 0.258800 0.000000 0.000000 0.000000 1.000000
0.999575 0.012354 0.026399 0.000000 -0.008946 0.992047 -0.125548 5.245300 -0.027740 0.125258 0.991736 0.258800 0.000000 0.000000 0.000000 1.000000
0.999662 -0.003964 0.025686 0.000000 0.007192 0.991897 -0.126839 5.245300 -0.024975 0.126981 0.991591 0.258800 0.000000 0.000000 0.000000 1.000000
0.999547 -0.017086 0.024766 0.000000 0.020123 0.991558 -0.128090 5.245300 -0.022368 0.128531 0.991453 0.258800 0.000000 0.000000 0.000000 1.000000
0.999428 -0.024875 0.022927 0.000000 0.027634 0.991236 -0.129181 5.245300 -0.019513 0.129740 0.991356 0.258800 0.000000 0.000000 0.000000 1.000000
0.999376 -0.028937 0.020256 0.000000 0.031328 0.991030 -0.129916 5.245300 -0.016315 0.130469 0.991318 0.258800 0.000000 0.000000 0.000000 1.000000
0.999261 -0.033937 0.018052 0.000000 0.036006 0.990806 -0.130408 5.245300 -0.013461 0.130961 0.991296 0.258800 0.000000 0.000000 0.000000 1.000000
0.998855 -0.044413 0.017790 0.000000 0.046370 0.990252 -0.131341 5.245300 -0.011784 0.132016 0.991178 0.258800 0.000000 0.000000 0.000000 1.000000
0.998139 -0.058117 0.018478 0.000000 0.060069 0.989243 -0.133377 5.245300 -0.010528 0.134239 0.990893 0.258800 0.000000 0.000000 0.000000 1.000000
0.997276 -0.071487 0.018147 -0.000000 0.073296 0.988000 -0.135956 5.245300 -0.008210 0.136916 0.990549 0.258800 0.000000 0.000000 0.000000 1.000000
0.996778 -0.078808 0.014918 0.000000 0.080113 0.987245 -0.137582 5.245300 -0.003885 0.138333 0.990378 0.258800 0.000000 0.000000 0.000000 1.000000
0.996757 -0.079897 0.009613 -0.000000 0.080460 0.987240 -0.137416 5.245300 0.001489 0.137744 0.990467 0.258800 0.000000 0.000000 0.000000 1.000000
0.996932 -0.078144 0.004500 -0.000000 0.078026 0.987570 -0.136443 5.245300 0.006219 0.136376 0.990638 0.258800 0.000000 0.000000 0.000000 1.000000
0.997060 -0.076614 0.001006 0.000000 0.076035 0.987732 -0.136399 5.245300 0.009457 0.136075 0.990653 0.258800 0.000000 0.000000 0.000000 1.000000
0.997075 -0.076428 -0.000836 -0.000000 0.075583 0.987558 -0.137902 5.245300 0.011365 0.137436 0.990445 0.258800 0.000000 0.000000 0.000000 1.000000
0.997001 -0.077371 -0.001405 0.000000 0.076410 0.987166 -0.140231 5.245300 0.012237 0.139703 0.990118 0.258800 0.000000 0.000000 0.000000 1.000000
0.996925 -0.078360 -0.000980 0.000000 0.077420 0.986754 -0.142559 5.245300 0.012138 0.142045 0.989786 0.258800 0.000000 0.000000 0.000000 1.000000
0.996883 -0.078891 0.000486 0.000000 0.078131 0.986397 -0.144623 5.245300 0.010930 0.144210 0.989487 0.258800 0.000000 0.000000 0.000000 1.000000
0.996851 -0.079249 0.002887 0.000000 0.078817 0.986097 -0.146286 5.245300 0.008746 0.146053 0.989238 0.258800 0.000000 0.000000 0.000000 1.000000
0.996798 -0.079755 0.005739 0.000000 0.079729 0.985888 -0.147203 5.245300 0.006082 0.147189 0.989090 0.258800 0.000000 0.000000 0.000000 1.000000
0.996745 -0.080171 0.008453 0.000000 0.080540 0.985810 -0.147282 5.245300 0.003475 0.147483 0.989058 0.258800 0.000000 0.000000 0.000000 1.000000
0.996736 -0.080018 0.010725 0.000000 0.080725 0.985821 -0.147104 5.245300 0.001198 0.147490 0.989063 0.258800 0.000000 0.000000 0.000000 1.000000
0.996771 -0.079297 0.012617 0.000000 0.080291 0.985810 -0.147415 5.245300 -0.000748 0.147952 0.988994 0.258800 0.000000 0.000000 0.000000 1.000000
0.996807 -0.078563 0.014295 0.000000 0.079815 0.985735 -0.148173 5.245300 -0.002450 0.148841 0.988858 0.258800 0.000000 0.000000 0.000000 1.000000
0.996793 -0.078440 0.015821 0.000000 0.079922 0.985690 -0.148415 5.245300 -0.003953 0.149204 0.988799 0.258800 0.000000 0.000000 0.000000 1.000000
0.996695 -0.079401 0.017170 0.000000 0.081067 0.985773 -0.147240 5.245300 -0.005235 0.148145 0.988952 0.258800 0.000000 0.000000 0.000000 1.000000
0.996461 -0.082028 0.018380 0.000000 0.083830 0.985897 -0.144843 5.245300 -0.006240 0.145871 0.989284 0.258800 0.000000 0.000000 0.000000 1.000000
0.996031 -0.086850 0.019498 0.000000 0.088747 0.985833 -0.142329 5.245300 -0.006861 0.143494 0.989627 0.258800 0.000000 0.000000 0.000000 1.000000
0.995369 -0.093914 0.020527 0.000000 0.095873 0.985433 -0.140464 5.245300 -0.007037 0.141782 0.989873 0.258800 0.000000 0.000000 0.000000 1.000000
0.994520 -0.102318 0.021476 -0.000000 0.104317 0.984804 -0.138846 5.245300 -0.006943 0.140325 0.990081 0.258800 0.000000 0.000000 0.000000 1.000000
0.993741 -0.109519 0.022018 0.000000 0.111508 0.984341 -0.136525 5.245300 -0.006721 0.138125 0.990392 0.258800 0.000000 0.000000 0.000000 1.000000
0.993367 -0.112907 0.021758 0.000000 0.114807 0.984420 -0.133178 5.245300 -0.006382 0.134793 0.990853 0.258800 0.000000 0.000000 0.000000 1.000000
0.993524 -0.111753 0.020508 0.000000 0.113474 0.985089 -0.129316 5.245300 -0.005751 0.130806 0.991391 0.258800 0.000000 0.000000 0.000000 1.000000
0.994011 -0.107748 0.018226 0.000000 0.109188 0.986073 -0.125449 5.245300 -0.004455 0.126688 0.991933 0.258800 0.000000 0.000000 0.000000 1.000000
0.994482 -0.103851 0.014850 0.000000 0.104887 0.987026 -0.121565 5.245300 -0.002033 0.122452 0.992472 0.258800 0.000000 0.000000 0.000000 1.000000
0.994720 -0.102102 0.010347 -0.000000 0.102609 0.987742 -0.117627 5.245300 0.001790 0.118068 0.993004 0.258800 0.000000 0.000000 0.000000 1.000000
0.994723 -0.102473 0.005102 0.000000 0.102384 0.988176 -0.114130 5.245300 0.006654 0.114051 0.993453 0.258800 0.000000 0.000000 0.000000 1.000000
0.994639 -0.103409 0.000131 0.000000 0.102776 0.988409 -0.111736 5.245300 0.011425 0.111150 0.993738 0.258800 0.000000 0.000000 0.000000 1.000000
0.994663 -0.103119 -0.003473 0.000000 0.102106 0.988617 -0.110502 5.245300 0.014829 0.109558 0.993870 0.258800 0.000000 0.000000 0.000000 1.000000
0.994875 -0.100973 -0.005329 0.000000 0.099782 0.988930 -0.109824 5.245300 0.016359 0.108729 0.993937 0.258800 0.000000 0.000000 0.000000 1.000000
0.995155 -0.098141 -0.005916 0.000000 0.096915 0.989299 -0.109062 5.245300 0.016556 0.107960 0.994017 0.258800 0.000000 0.000000 0.000000 1.000000
0.995287 -0.096786 -0.005996 -0.000000 0.095578 0.989548 -0.107975 5.245300 0.016383 0.106894 0.994135 0.258800 0.000000 0.000000 0.000000 1.000000
0.995152 -0.098159 -0.006097 0.000000 0.096955 0.989566 -0.106575 5.245300 0.016495 0.105467 0.994286 0.258800 0.000000 0.000000 0.000000 1.000000
0.994846 -0.101177 -0.006663 0.000000 0.099926 0.989456 -0.104838 5.245300 0.017199 0.103632 0.994467 0.258800 0.000000 0.000000 0.000000 1.000000
0.994606 -0.103391 -0.008339 0.000000 0.101996 0.989468 -0.102717 5.245300 0.018871 0.101312 0.994676 0.258800 0.000000 0.000000 0.000000 1.000000
0.994575 -0.103362 -0.011721 0.000000 0.101679 0.989753 -0.100254 5.245300 0.021964 0.098519 0.994893 0.258800 0.000000 0.000000 0.000000 1.000000
0.994632 -0.102129 -0.016622 -0.000000 0.100044 0.990194 -0.097507 5.245300 0.026418 0.095321 0.995096 0.258800 0.000000 0.000000 0.000000 1.000000
0.994647 -0.100983 -0.021898 0.000000 0.098498 0.990647 -0.094426 5.245300 0.031229 0.091764 0.995291 0.258800 0.000000 0.000000 0.000000 1.000000
0.994620 -0.100259 -0.026080 -0.000000 0.097514 0.991064 -0.091013 5.245300 0.034972 0.087980 0.995508 0.258800 0.000000 0.000000 0.000000 1.000000
0.994595 -0.099865 -0.028425 0.000000 0.097044 0.991422 -0.087547 5.245300 0.036924 0.084316 0.995755 0.258800 0.000000 0.000000 0.000000 1.000000
