<?xml version="1.0" encoding="utf-8"?>
<COLLADA xmlns="http://www.collada.org/2005/11/COLLADASchema" version="1.4.1">
  <asset><contributor><author>Mixamo</author><authoring_tool>COLLADA Mixamo exporter</authoring_tool><comments></comments></contributor><created>2020-12-04T01:59:20Z</created><modified>2020-12-04T01:59:20Z</modified><revision></revision><title></title><unit meter="0.010000"/><up_axis>Y_UP</up_axis></asset>
  <library_animations>
    <animation id="mixamorig_Hips-anim" name="mixamorig_Hips"><source id="mixamorig_Hips-Matrix-animation-input"><float_array id="mixamorig_Hips-Matrix-animation-input-array" count="33">

0.000000 0.033333 0.066667 0.100000 0.133333 0.166667 0.200000 0.233333 0.266667 0.300000 0.333333 0.366667 0.400000 0.433333 0.466667 0.500000
0.533333 0.566667 0.600000 0.633333 0.666667 0.700000 0.733333 0.766667 0.800000 0.833333 0.866667 0.900000 0.933333 0.966667 1.000000 1.033333
1.066667</float_array><technique_common><accessor source="#mixamorig_Hips-Matrix-animation-input-array" count="33"><param name="TIME" type="float"/></accessor></technique_common></source><source id="mixamorig_Hips-Matrix-animation-output-transform"><float_array id="mixamorig_Hips-Matrix-animation-output-transform-array" count="528">

0.985661 -0.119963 0.118668 -0.485534 -0.149084 -0.289709 0.945432 18.232479 -0.079038 -0.949567 -0.303440 5.519189 0.000000 0.000000 0.000000 1.000000
0.989044 -0.095634 0.112452 -0.375409 -0.135693 -0.289025 0.947656 18.282032 -0.058127 -0.952533 -0.298835 5.521630 0.000000 0.000000 0.000000 1.000000
0.992605 -0.063037 0.103743 -0.254735 -0.117724 -0.291324 0.949353 18.359215 -0.029622 -0.954545 -0.296590 5.481288 0.000000 0.000000 0.000000 1.000000
0.995347 -0.024061 0.093299 -0.122806 -0.096227 -0.297504 0.949859 18.435047 0.004902 -0.954417 -0.298436 5.397005 0.000000 0.000000 0.000000 1.000000
0.996487 0.017427 0.081917 0.013043 -0.072647 -0.306813 0.948993 18.496166 0.041672 -0.951610 -0.304469 5.280220 0.000000 0.000000 0.000000 1.000000
0.995952 0.056695 0.069756 0.139503 -0.048319 -0.316705 0.947293 18.550024 0.075799 -0.946828 -0.312683 5.155096 0.000000 0.000000 0.000000 1.000000
0.994254 0.091069 0.056255 0.252334 -0.023721 -0.325022 0.945409 18.600008 0.104382 -0.941311 -0.320994 5.035249 0.000000 0.000000 0.000000 1.000000
0.991947 0.120018 0.040465 0.359165 0.001568 -0.331093 0.943597 18.635862 0.126646 -0.935934 -0.328615 4.950496 0.000000 0.000000 0.000000 1.000000
0.989208 0.144929 0.021541 0.472926 0.028521 -0.334671 0.941903 18.656601 0.143718 -0.931123 -0.335193 4.874386 0.000000 0.000000 0.000000 1.000000
0.985872 0.167500 -0.000082 0.595693 0.056944 -0.334699 0.940603 18.663069 0.157524 -0.927319 -0.339508 4.823369 0.000000 0.000000 0.000000 1.000000
0.981804 0.188551 -0.022555 0.714185 0.085000 -0.330146 0.940095 18.662500 0.169810 -0.924906 -0.340166 4.810749 0.000000 0.000000 0.000000 1.000000
0.977405 0.206985 -0.042860 0.813236 0.109444 -0.322084 0.940364 18.657923 0.180836 -0.923807 -0.337460 4.836758 0.000000 0.000000 0.000000 1.000000
0.973637 0.220519 -0.058325 0.888145 0.127517 -0.314192 0.940756 18.644726 0.189130 -0.923393 -0.334029 4.899917 0.000000 0.000000 0.000000 1.000000
0.971321 0.227654 -0.068627 0.946935 0.139184 -0.310372 0.940371 18.635012 0.192779 -0.922953 -0.333157 5.013514 0.000000 0.000000 0.000000 1.000000
0.970523 0.228873 -0.075514 1.000310 0.146584 -0.311853 0.938755 18.635426 0.191307 -0.922152 -0.336209 5.147485 0.000000 0.000000 0.000000 1.000000
0.970853 0.225789 -0.080404 1.040513 0.151299 -0.317169 0.936223 18.611454 0.185887 -0.921099 -0.342086 5.220252 0.000000 0.000000 0.000000 1.000000
0.972148 0.219001 -0.083466 1.054116 0.153281 -0.324715 0.933309 18.589937 0.177293 -0.920108 -0.349240 5.206185 0.000000 0.000000 0.000000 1.000000
0.974653 0.207585 -0.083429 1.018152 0.150811 -0.334171 0.930368 18.587765 0.165251 -0.919368 -0.357007 5.143792 0.000000 0.000000 0.000000 1.000000
0.978520 0.190392 -0.079048 0.923121 0.142088 -0.345066 0.927761 18.601604 0.149361 -0.919065 -0.364707 5.083884 0.000000 0.000000 0.000000 1.000000
0.983370 0.167398 -0.070442 0.779837 0.126801 -0.355147 0.926171 18.623777 0.130022 -0.919700 -0.370467 5.026543 0.000000 0.000000 0.000000 1.000000
0.988492 0.139337 -0.058904 0.605578 0.106153 -0.361483 0.926316 18.642794 0.107777 -0.921908 -0.372114 4.939342 0.000000 0.000000 0.000000 1.000000
0.993299 0.106382 -0.045173 0.414133 0.081086 -0.362930 0.928282 18.645002 0.082358 -0.925724 -0.369124 4.836622 0.000000 0.000000 0.000000 1.000000
0.997288 0.067736 -0.028774 0.212100 0.051372 -0.360782 0.931234 18.605755 0.052697 -0.930187 -0.363284 4.765556 0.000000 0.000000 0.000000 1.000000
0.999693 0.023516 -0.007763 0.016077 0.015653 -0.357117 0.933928 18.534161 0.019189 -0.933764 -0.357376 4.729275 0.000000 0.000000 0.000000 1.000000
0.999551 -0.023744 0.018295 -0.166310 -0.025503 -0.352967 0.935288 18.449322 -0.015750 -0.935334 -0.353414 4.736684 0.000000 0.000000 0.000000 1.000000
0.996564 -0.068419 0.046685 -0.340947 -0.067696 -0.348022 0.935039 18.377529 -0.047727 -0.934987 -0.351457 4.795146 0.000000 0.000000 0.000000 1.000000
0.991908 -0.104041 0.072760 -0.509375 -0.104335 -0.341462 0.934087 18.341206 -0.072339 -0.934120 -0.349554 4.878312 0.000000 0.000000 0.000000 1.000000
0.987626 -0.126200 0.093106 -0.659037 -0.130559 -0.332711 0.933948 18.366865 -0.086886 -0.934547 -0.345070 4.974105 0.000000 0.000000 0.000000 1.000000
0.985065 -0.135172 0.106657 -0.759862 -0.145471 -0.321961 0.935510 18.449615 -0.092115 -0.937054 -0.336816 5.091175 0.000000 0.000000 0.000000 1.000000
0.983884 -0.137115 0.114770 -0.782524 -0.152707 -0.310413 0.938256 18.477261 -0.093023 -0.940661 -0.326349 5.208033 0.000000 0.000000 0.000000 1.000000
0.983459 -0.136441 0.119129 -0.735400 -0.155671 -0.300460 0.941005 18.432005 -0.092598 -0.943985 -0.316730 5.323585 0.000000 0.000000 0.000000 1.000000
0.983637 -0.133763 0.120687 -0.645491 -0.155669 -0.293815 0.943101 18.342770 -0.090692 -0.946457 -0.309830 5.425231 0.000000 0.000000 0.000000 1.000000
0.984634 -0.126975 0.119890 -0.538100 -0.152470 -0.290347 0.944696 18.256430 -0.085143 -0.948460 -0.305246 5.499089 0.000000 0.000000 0.000000 1.000000</float_array><technique_common><accessor source="#mixamorig_Hips-Matrix-animation-output-transform-array" count="33" stride="16"><param type="float4x4"/></accessor></technique_common></source><source id="mixamorig_Hips-Interpolations"><Name_array id="mixamorig_Hips-Interpolations-array" count="33">
 LINEAR LINEAR LINEAR LINEAR LINEAR LINEAR LINEAR LINEAR LINEAR LINEAR LINEAR
LINEAR LINEAR LINEAR LINEAR LINEAR LINEAR LINEAR LINEAR LINEAR LINEAR LINEAR LINEAR
LINEAR LINEAR LINEAR LINEAR LINEAR LINEAR LINEAR LINEAR LINEAR LINEAR</Name_array><technique_common><accessor source="#mixamorig_Hips-Interpolations-array" count="33"><param type="name"/></accessor></technique_common></source><sampler id="mixamorig_Hips-Matrix-animation-transform"><input semantic="INPUT" source="#mixamorig_Hips-Matrix-animation-input"/><input semantic="OUTPUT" source="#mixamorig_Hips-Matrix-animation-output-transform"/><input semantic="INTERPOLATION" source="#mixamorig_Hips-Interpolations"/></sampler><channel source="#mixamorig_Hips-Matrix-animation-transform" target="mixamorig_Hips/matrix"/></animation>
    <animation id="mixamorig_Spine-anim" name="mixamorig_Spine"><source id="mixamorig_Spine-Matrix-animation-input"><float_array id="mixamorig_Spine-Matrix-animation-input-array" count="33">

0.000000 0.033333 0.066667 0.100000 0.133333 0.166667 0.200000 0.233333 0.266667 0.300000 0.333333 0.366667 0.400000 0.433333 0.466667 0.500000
0.533333 0.566667 0.600000 0.633333 0.666667 0.700000 0.733333 0.766667 0.800000 0.833333 0.866667 0.900000 0.933333 0.966667 1.000000 1.033333
1.066667</float_array><technique_common><accessor source="#mixamorig_Spine-Matrix-animation-input-array" count="33"><param name="TIME" type="float"/></accessor></technique_common></source><source id="mixamorig_Spine-Matrix-animation-output-transform"><float_array id="mixamorig_Spine-Matrix-animation-output-transform-array" count="528">

0.999951 -0.001435 0.009752 0.000000 0.005216 0.916528 -0.399937 7.463500 -0.008364 0.399969 0.916491 -1.336300 0.000000 0.000000 0.000000 1.000000
0.999972 0.002195 0.007215 0.000000 0.000848 0.917921 -0.396763 7.463500 -0.007494 0.396758 0.917893 -1.336300 0.000000 0.000000 0.000000 1.000000
0.999973 0.006071 0.004030 -0.000000 -0.004014 0.920528 -0.390655 7.463500 -0.006082 0.390629 0.920528 -1.336300 0.000000 0.000000 0.000000 1.000000
0.999956 0.009347 0.000481 0.000000 -0.008459 0.924577 -0.380902 7.463500 -0.004006 0.380881 0.924615 -1.336300 0.000000 0.000000 0.000000 1.000000
0.999933 0.011217 -0.002926 -0.000000 -0.011508 0.929939 -0.367533 7.463500 -0.001401 0.367542 0.930006 -1.336300 0.000000 0.000000 0.000000 1.000000
0.999913 0.011792 -0.005895 0.000000 -0.013112 0.936069 -0.351571 7.463500 0.001372 0.351618 0.936143 -1.336300 0.000000 0.000000 0.000000 1.000000
0.999898 0.011458 -0.008490 0.000000 -0.013638 0.942323 -0.334428 7.463500 0.004168 0.334510 0.942383 -1.336300 0.000000 0.000000 0.000000 1.000000
0.999881 0.010923 -0.010883 0.000000 -0.013812 0.948230 -0.317285 7.463500 0.006854 0.317398 0.948268 -1.336300 0.000000 0.000000 0.000000 1.000000
0.999866 0.010386 -0.012691 0.000000 -0.013724 0.953566 -0.300871 7.463500 0.008977 0.301005 0.953580 -1.336300 0.000000 0.000000 0.000000 1.000000
0.999856 0.009776 -0.013846 0.000000 -0.013324 0.958265 -0.285572 7.463500 0.010476 0.285716 0.958257 -1.336300 0.000000 0.000000 0.000000 1.000000
0.999851 0.009144 -0.014646 0.000000 -0.012782 0.962255 -0.271850 7.463500 0.011608 0.271996 0.962228 -1.336300 0.000000 0.000000 0.000000 1.000000
0.999835 0.008977 -0.015793 0.000000 -0.012785 0.965339 -0.260686 7.463500 0.012906 0.260845 0.965294 -1.336300 0.000000 0.000000 0.000000 1.000000
0.999794 0.009680 -0.017829 0.000000 -0.013884 0.967262 -0.253402 7.463500 0.014792 0.253597 0.967197 -1.336300 0.000000 0.000000 0.000000 1.000000
0.999730 0.011201 -0.020343 -0.000000 -0.015946 0.967936 -0.250689 7.463500 0.016883 0.250946 0.967854 -1.336300 0.000000 0.000000 0.000000 1.000000
0.999664 0.013114 -0.022342 0.000000 -0.018322 0.967593 -0.251848 7.463500 0.018315 0.252173 0.967509 -1.336300 0.000000 0.000000 0.000000 1.000000
0.999616 0.014772 -0.023451 0.000000 -0.020273 0.966654 -0.255283 7.463500 0.018898 0.255660 0.966582 -1.336300 0.000000 0.000000 0.000000 1.000000
0.999596 0.015769 -0.023637 0.000000 -0.021374 0.965412 -0.259852 7.463500 0.018722 0.260252 0.965359 -1.336300 0.000000 0.000000 0.000000 1.000000
0.999605 0.015834 -0.023201 0.000000 -0.021431 0.963858 -0.265552 7.463500 0.018158 0.265944 0.963817 -1.336300 0.000000 0.000000 0.000000 1.000000
0.999638 0.014995 -0.022344 -0.000000 -0.020526 0.961856 -0.272786 7.463500 0.017401 0.273146 0.961815 -1.336300 0.000000 0.000000 0.000000 1.000000
0.999689 0.013494 -0.020957 -0.000000 -0.018848 0.959437 -0.281292 7.463500 0.016312 0.281599 0.959393 -1.336300 0.000000 0.000000 0.000000 1.000000
0.999756 0.011437 -0.018921 0.000000 -0.016437 0.956844 -0.290136 7.463500 0.014786 0.290376 0.956798 -1.336300 0.000000 0.000000 0.000000 1.000000
0.999826 0.008733 -0.016506 0.000000 -0.013268 0.954223 -0.298802 7.463500 0.013141 0.298969 0.954172 -1.336300 0.000000 0.000000 0.000000 1.000000
0.999890 0.005841 -0.013638 0.000000 -0.009757 0.951348 -0.307965 7.463500 0.011176 0.308064 0.951300 -1.336300 0.000000 0.000000 0.000000 1.000000
0.999941 0.003102 -0.010448 0.000000 -0.006273 0.947751 -0.318948 7.463500 0.008913 0.318995 0.947715 -1.336300 0.000000 0.000000 0.000000 1.000000
0.999977 0.000671 -0.006751 0.000000 -0.002876 0.943168 -0.332303 7.463500 0.006144 0.332315 0.943148 -1.336300 0.000000 0.000000 0.000000 1.000000
0.999996 -0.001824 -0.002157 0.000000 0.000962 0.937840 -0.347068 7.463500 0.002655 0.347064 0.937838 -1.336300 0.000000 0.000000 0.000000 1.000000
0.999986 -0.004181 0.003089 -0.000000 0.005015 0.932397 -0.361400 7.463500 -0.001370 0.361411 0.932406 -1.336300 0.000000 0.000000 0.000000 1.000000
0.999952 -0.005930 0.007770 0.000000 0.008405 0.927450 -0.373853 7.463500 -0.004989 0.373901 0.927455 -1.336300 0.000000 0.000000 0.000000 1.000000
0.999913 -0.006991 0.011220 0.000000 0.010764 0.923301 -0.383926 7.463500 -0.007676 0.384013 0.923296 -1.336300 0.000000 0.000000 0.000000 1.000000
0.999897 -0.006656 0.012747 -0.000000 0.011117 0.920057 -0.391627 7.463500 -0.009121 0.391728 0.920036 -1.336300 0.000000 0.000000 0.000000 1.000000
0.999900 -0.005784 0.012871 0.000000 0.010419 0.917782 -0.396948 7.463500 -0.009517 0.397043 0.917751 -1.336300 0.000000 0.000000 0.000000 1.000000
0.999917 -0.004498 0.012063 0.000000 0.008946 0.916555 -0.399810 7.463500 -0.009258 0.399884 0.916519 -1.336300 0.000000 0.000000 0.000000 1.000000
0.999940 -0.002649 0.010666 0.000000 0.006699 0.916281 -0.400481 7.463500 -0.008712 0.400528 0.916243 -1.336300 0.000000 0.000000 0.000000 1.000000</float_array><technique_common><accessor source="#mixamorig_Spine-Matrix-animation-output-transform-array" count="33" stride="16"><param type="float4x4"/></accessor></technique_common></source><source id="mixamorig_Spine-Interpolations"><Name_array id="mixamorig_Spine-Interpolations-array" count="33">
 LINEAR LINEAR LINEAR LINEAR LINEAR LINEAR LINEAR LINEAR LINEAR LINEAR LINEAR
LINEAR LINEAR LINEAR LINEAR LINEAR LINEAR LINEAR LINEAR LINEAR LINEAR LINEAR LINEAR
LINEAR LINEAR LINEAR LINEAR LINEAR LINEAR LINEAR LINEAR LINEAR LINEAR</Name_array><technique_common><accessor source="#mixamorig_Spine-Interpolations-array" count="33"><param type="name"/></accessor></technique_common></source><sampler id="mixamorig_Spine-Matrix-animation-transform"><input semantic="INPUT" source="#mixamorig_Spine-Matrix-animation-input"/><input semantic="OUTPUT" source="#mixamorig_Spine-Matrix-animation-output-transform"/><input semantic="INTERPOLATION" source="#mixamorig_Spine-Interpolations"/></sampler><channel source="#mixamorig_Spine-Matrix-animation-transform" target="mixamorig_Spine/matrix"/></animation>
    <animation id="mixamorig_Spine1-anim" name="mixamorig_Spine1"><source id="mixamorig_Spine1-Matrix-animation-input"><float_array id="mixamorig_Spine1-Matrix-animation-input-array" count="33">

0.000000 0.033333 0.066667 0.100000 0.133333 0.166667 0.200000 0.233333 0.266667 0.300000 0.333333 0.366667 0.400000 0.433333 0.466667 0.500000
0.533333 0.566667 0.600000 0.633333 0.666667 0.700000 0.733333 0.766667 0.800000 0.833333 0.866667 0.900000 0.933333 0.966667 1.000000 1.033333
1.066667</float_array><technique_common><accessor source="#mixamorig_Spine1-Matrix-animation-input-array" count="33"><param name="TIME" type="float"/></accessor></technique_common></source><source id="mixamorig_Spine1-Matrix-animation-output-transform"><float_array id="mixamorig_Spine1-Matrix-animation-output-transform-array" count="528">

0.998699 -0.016443 0.048275 0.000000 0.032964 0.930412 -0.365031 8.845900 -0.038913 0.366147 0.929743 0.000000 0.000000 0.000000 0.000000 1.000000
0.998981 -0.012521 0.043361 0.000000 0.027456 0.931118 -0.363684 8.845900 -0.035821 0.364504 0.930513 0.000000 0.000000 0.000000 0.000000 1.000000
0.999290 -0.008280 0.036746 0.000000 0.021059 0.931643 -0.362765 8.845900 -0.031231 0.363282 0.931156 -0.000000 0.000000 0.000000 0.000000 1.000000
0.999581 -0.004786 0.028561 0.000000 0.014795 0.932219 -0.361592 8.845900 -0.024895 0.361863 0.931899 0.000000 0.000000 0.000000 0.000000 1.000000
0.999810 -0.002589 0.019305 0.000000 0.009363 0.932982 -0.359802 8.845900 -0.017079 0.359915 0.932829 0.000000 0.000000 0.000000 0.000000 1.000000
0.999953 -0.001302 0.009649 -0.000000 0.004666 0.933865 -0.357595 8.845900 -0.008545 0.357623 0.933827 -0.000000 0.000000 0.000000 0.000000 1.000000
1.000000 -0.000257 0.000179 0.000000 0.000304 0.934700 -0.355436 8.845900 -0.000076 0.355436 0.934700 0.000000 0.000000 0.000000 0.000000 1.000000
0.999963 0.000755 -0.008548 -0.000000 -0.003730 0.935345 -0.353716 8.845900 0.007728 0.353735 0.935314 0.000000 0.000000 0.000000 0.000000 1.000000
0.999870 0.001481 -0.016074 -0.000000 -0.007054 0.935762 -0.352563 8.845900 0.014520 0.352630 0.935650 -0.000000 0.000000 0.000000 0.000000 1.000000
0.999749 0.001531 -0.022371 0.000000 -0.009305 0.936029 -0.351800 8.845900 0.020401 0.351920 0.935808 0.000000 0.000000 0.000000 0.000000 1.000000
0.999609 0.000643 -0.027965 -0.000000 -0.010427 0.936239 -0.351210 8.845900 0.025956 0.351364 0.935879 -0.000000 0.000000 0.000000 0.000000 1.000000
0.999437 -0.001064 -0.033525 0.000000 -0.010775 0.936332 -0.350952 8.845900 0.031764 0.351115 0.935793 0.000000 0.000000 0.000000 0.000000 1.000000
0.999230 -0.002892 -0.039135 0.000000 -0.011057 0.936124 -0.351497 8.845900 0.037651 0.351659 0.935371 0.000000 0.000000 0.000000 0.000000 1.000000
0.999027 -0.003819 -0.043931 0.000000 -0.011940 0.935594 -0.352875 8.845900 0.042449 0.353056 0.934639 0.000000 0.000000 0.000000 0.000000 1.000000
0.998908 -0.003237 -0.046603 -0.000000 -0.013491 0.935102 -0.354122 8.845900 0.044725 0.354364 0.934037 0.000000 0.000000 0.000000 0.000000 1.000000
0.998919 -0.001484 -0.046469 -0.000000 -0.015072 0.935181 -0.353849 8.845900 0.043982 0.354167 0.934148 0.000000 0.000000 0.000000 0.000000 1.000000
0.999030 0.000418 -0.044035 0.000000 -0.015884 0.936060 -0.351481 8.845900 0.041073 0.351839 0.935159 0.000000 0.000000 0.000000 0.000000 1.000000
0.999184 0.001546 -0.040357 0.000000 -0.015498 0.937444 -0.347791 8.845900 0.037294 0.348133 0.936703 0.000000 0.000000 0.000000 0.000000 1.000000
0.999352 0.001508 -0.035963 -0.000000 -0.013800 0.938823 -0.344123 8.845900 0.033244 0.344396 0.938236 0.000000 0.000000 0.000000 0.000000 1.000000
0.999528 0.000241 -0.030717 -0.000000 -0.010715 0.939900 -0.341281 8.845900 0.028788 0.341449 0.939459 -0.000000 0.000000 0.000000 0.000000 1.000000
0.999695 -0.002263 -0.024601 0.000000 -0.006223 0.940629 -0.339378 8.845900 0.023908 0.339428 0.940328 0.000000 0.000000 0.000000 0.000000 1.000000
0.999821 -0.005780 -0.018032 0.000000 -0.000668 0.940922 -0.338623 8.845900 0.018924 0.338574 0.940749 0.000000 0.000000 0.000000 0.000000 1.000000
0.999893 -0.009562 -0.011069 0.000000 0.005231 0.940450 -0.339891 8.845900 0.013660 0.339797 0.940400 0.000000 0.000000 0.000000 0.000000 1.000000
0.999917 -0.012586 -0.002790 -0.000000 0.010857 0.938818 -0.344241 8.845900 0.006951 0.344183 0.938877 0.000000 0.000000 0.000000 0.000000 1.000000
0.999867 -0.014263 0.007870 0.000000 0.016120 0.935930 -0.351817 8.845900 -0.002348 0.351898 0.936036 0.000000 0.000000 0.000000 0.000000 1.000000
0.999679 -0.014809 0.020548 0.000000 0.021235 0.932228 -0.361248 8.845900 -0.013806 0.361569 0.932243 0.000000 0.000000 0.000000 0.000000 1.000000
0.999341 -0.014897 0.033092 0.000000 0.026101 0.928587 -0.370196 8.845900 -0.025214 0.370815 0.928364 0.000000 0.000000 0.000000 0.000000 1.000000
0.998962 -0.015083 0.042980 -0.000000 0.030181 0.925900 -0.376560 8.845900 -0.034116 0.377466 0.925395 0.000000 0.000000 0.000000 0.000000 1.000000
0.998674 -0.015599 0.049069 0.000000 0.033081 0.924670 -0.379329 8.845900 -0.039456 0.380449 0.923960 0.000000 0.000000 0.000000 0.000000 1.000000
0.998517 -0.016435 0.051904 -0.000000 0.034904 0.924894 -0.378619 8.845900 -0.041783 0.379869 0.924096 -0.000000 0.000000 0.000000 0.000000 1.000000
0.998465 -0.017337 0.052595 -0.000000 0.035853 0.926193 -0.375342 8.845900 -0.042206 0.376652 0.925393 0.000000 0.000000 0.000000 0.000000 1.000000
0.998499 -0.017775 0.051814 -0.000000 0.035767 0.927977 -0.370917 8.845900 -0.041489 0.372213 0.927219 0.000000 0.000000 0.000000 0.000000 1.000000
0.998609 -0.017271 0.049821 0.000000 0.034373 0.929711 -0.366683 8.845900 -0.039986 0.367885 0.929011 0.000000 0.000000 0.000000 0.000000 1.000000</float_array><technique_common><accessor source="#mixamorig_Spine1-Matrix-animation-output-transform-array" count="33" stride="16"><param type="float4x4"/></accessor></technique_common></source><source id="mixamorig_Spine1-Interpolations"><Name_array id="mixamorig_Spine1-Interpolations-array" count="33">
 LINEAR LINEAR LINEAR LINEAR LINEAR LINEAR LINEAR LINEAR LINEAR LINEAR LINEAR
LINEAR LINEAR LINEAR LINEAR LINEAR LINEAR LINEAR LINEAR LINEAR LINEAR LINEAR LINEAR
LINEAR LINEAR LINEAR LINEAR LINEAR LINEAR LINEAR LINEAR LINEAR LINEAR</Name_array><technique_common><accessor source="#mixamorig_Spine1-Interpolations-array" count="33"><param type="name"/></accessor></technique_common></source><sampler id="mixamorig_Spine1-Matrix-animation-transform"><input semantic="INPUT" source="#mixamorig_Spine1-Matrix-animation-input"/><input semantic="OUTPUT" source="#mixamorig_Spine1-Matrix-animation-output-transform"/><input semantic="INTERPOLATION" source="#mixamorig_Spine1-Interpolations"/></sampler><channel source="#mixamorig_Spine1-Matrix-animation-transform" target="mixamorig_Spine1/matrix"/></animation>
    <animation id="mixamorig_Spine2-anim" name="mixamorig_Spine2"><source id="mixamorig_Spine2-Matrix-animation-input"><float_array id="mixamorig_Spine2-Matrix-animation-input-array" count="33">

0.000000 0.033333 0.066667 0.100000 0.133333 0.166667 0.200000 0.233333 0.266667 0.300000 0.333333 0.366667 0.400000 0.433333 0.466667 0.500000
0.533333 0.566667 0.600000 0.633333 0.666667 0.700000 0.733333 0.766667 0.800000 0.833333 0.866667 0.900000 0.933333 0.966667 1.000000 1.033333
1.066667</float_array><technique_common><accessor source="#mixamorig_Spine2-Matrix-animation-input-array" count="33"><param name="TIME" type="float"/></accessor></technique_common></source><source id="mixamorig_Spine2-Matrix-animation-output-transform"><float_array id="mixamorig_Spine2-Matrix-animation-output-transform-array" count="528">

0.998392 -0.020910 0.052692 -0.000000 0.038726 0.930379 -0.364549 10.109600 -0.041401 0.366003 0.929692 -0.000000 0.000000 0.000000 0.000000 1.000000
0.998716 -0.017085 0.047682 0.000000 0.033267 0.931134 -0.363157 10.109600 -0.038194 0.364277 0.930507 0.000000 0.000000 0.000000 0.000000 1.000000
0.999073 -0.013075 0.041016 -0.000000 0.027062 0.931715 -0.362180 10.109600 -0.033480 0.362955 0.931205 0.000000 0.000000 0.000000 0.000000 1.000000
0.999410 -0.009983 0.032857 0.000000 0.021180 0.932347 -0.360944 10.109600 -0.027031 0.361427 0.932009 -0.000000 0.000000 0.000000 0.000000 1.000000
0.999685 -0.008366 0.023682 0.000000 0.016316 0.933156 -0.359101 10.109600 -0.019095 0.359375 0.932998 0.000000 0.000000 0.000000 0.000000 1.000000
0.999870 -0.007788 0.014096 0.000000 0.012306 0.934074 -0.356867 10.109600 -0.010388 0.356995 0.934049 0.000000 0.000000 0.000000 0.000000 1.000000
0.999961 -0.007501 0.004668 -0.000000 0.008669 0.934937 -0.354708 10.109600 -0.001704 0.354735 0.934965 0.000000 0.000000 0.000000 0.000000 1.000000
0.999966 -0.007210 -0.003979 0.000000 0.005341 0.935607 -0.353002 10.109600 0.006268 0.352969 0.935614 -0.000000 0.000000 0.000000 0.000000 1.000000
0.999911 -0.007115 -0.011320 -0.000000 0.002677 0.936045 -0.351870 10.109600 0.013100 0.351808 0.935980 -0.000000 0.000000 0.000000 0.000000 1.000000
0.999821 -0.007599 -0.017347 0.000000 0.001024 0.936326 -0.351131 10.109600 0.018911 0.351050 0.936166 0.000000 0.000000 0.000000 0.000000 1.000000
0.999703 -0.008955 -0.022687 -0.000000 0.000434 0.936539 -0.350564 10.109600 0.024386 0.350450 0.936264 -0.000000 0.000000 0.000000 0.000000 1.000000
0.999544 -0.011072 -0.028095 0.000000 0.000528 0.936624 -0.350335 10.109600 0.030193 0.350161 0.936203 0.000000 0.000000 0.000000 0.000000 1.000000
0.999346 -0.013203 -0.033661 0.000000 0.000552 0.936406 -0.350919 10.109600 0.036153 0.350671 0.935801 -0.000000 0.000000 0.000000 0.000000 1.000000
0.999158 -0.014252 -0.038461 0.000000 -0.000213 0.935870 -0.352345 10.109600 0.041016 0.352056 0.935080 0.000000 0.000000 0.000000 0.000000 1.000000
0.999061 -0.013577 -0.041140 0.000000 -0.001851 0.935383 -0.353632 10.109600 0.043283 0.353376 0.934479 0.000000 0.000000 0.000000 0.000000 1.000000
0.999091 -0.011570 -0.041040 0.000000 -0.003682 0.935480 -0.353362 10.109600 0.042481 0.353191 0.934586 0.000000 0.000000 0.000000 0.000000 1.000000
0.999206 -0.009361 -0.038733 0.000000 -0.004831 0.936385 -0.350942 10.109600 0.039554 0.350850 0.935596 0.000000 0.000000 0.000000 0.000000 1.000000
0.999345 -0.007949 -0.035291 0.000000 -0.004800 0.937794 -0.347158 10.109600 0.035856 0.347101 0.937142 0.000000 0.000000 0.000000 0.000000 1.000000
0.999484 -0.007729 -0.031178 0.000000 -0.003449 0.939189 -0.343383 10.109600 0.031936 0.343313 0.938678 0.000000 0.000000 0.000000 0.000000 1.000000
0.999619 -0.008744 -0.026175 0.000000 -0.000690 0.940267 -0.340438 10.109600 0.027588 0.340327 0.939902 -0.000000 0.000000 0.000000 0.000000 1.000000
0.999734 -0.011031 -0.020276 -0.000000 0.003519 0.940981 -0.338441 10.109600 0.022812 0.338280 0.940769 0.000000 0.000000 0.000000 0.000000 1.000000
0.999798 -0.014417 -0.013973 0.000000 0.008854 0.941246 -0.337606 10.109600 0.018020 0.337414 0.941184 0.000000 0.000000 0.000000 0.000000 1.000000
0.999809 -0.018130 -0.007344 0.000000 0.014570 0.940732 -0.338837 10.109600 0.013052 0.338665 0.940816 0.000000 0.000000 0.000000 0.000000 1.000000
0.999779 -0.021019 0.000648 0.000000 0.019964 0.939037 -0.343237 10.109600 0.006606 0.343174 0.939248 0.000000 0.000000 0.000000 0.000000 1.000000
0.999687 -0.022352 0.011223 0.000000 0.024869 0.936062 -0.350954 10.109600 -0.002661 0.351123 0.936325 -0.000000 0.000000 0.000000 0.000000 1.000000
0.999461 -0.022313 0.024069 -0.000000 0.029496 0.932267 -0.360568 10.109600 -0.014393 0.361083 0.932422 -0.000000 0.000000 0.000000 0.000000 1.000000
0.999083 -0.021667 0.036935 0.000000 0.033804 0.928548 -0.369670 10.109600 -0.026286 0.370580 0.928429 -0.000000 0.000000 0.000000 0.000000 1.000000
0.998665 -0.021117 0.047147 0.000000 0.037334 0.925818 -0.376121 10.109600 -0.035707 0.377379 0.925370 -0.000000 0.000000 0.000000 0.000000 1.000000
0.998349 -0.021011 0.053460 0.000000 0.039749 0.924578 -0.378915 10.109600 -0.041466 0.380414 0.923886 0.000000 0.000000 0.000000 0.000000 1.000000
0.998179 -0.021391 0.056400 -0.000000 0.041188 0.924807 -0.378201 10.109600 -0.044069 0.379835 0.924004 -0.000000 0.000000 0.000000 0.000000 1.000000
0.998125 -0.022004 0.057111 0.000000 0.041868 0.926114 -0.374913 10.109600 -0.044642 0.376601 0.925299 0.000000 0.000000 0.000000 0.000000 1.000000
0.998165 -0.022290 0.056303 0.000000 0.041619 0.927910 -0.370473 10.109600 -0.043986 0.372137 0.927135 0.000000 0.000000 0.000000 0.000000 1.000000
0.998290 -0.021732 0.054265 -0.000000 0.040145 0.929663 -0.366217 10.109600 -0.042490 0.367769 0.928946 0.000000 0.000000 0.000000 0.000000 1.000000</float_array><technique_common><accessor source="#mixamorig_Spine2-Matrix-animation-output-transform-array" count="33" stride="16"><param type="float4x4"/></accessor></technique_common></source><source id="mixamorig_Spine2-Interpolations"><Name_array id="mixamorig_Spine2-Interpolations-array" count="33">
 LINEAR LINEAR LINEAR LINEAR LINEAR LINEAR LINEAR LINEAR LINEAR LINEAR LINEAR
LINEAR LINEAR LINEAR LINEAR LINEAR LINEAR LINEAR LINEAR LINEAR LINEAR LINEAR LINEAR
LINEAR LINEAR LINEAR LINEAR LINEAR LINEAR LINEAR LINEAR LINEAR LINEAR</Name_array><technique_common><accessor source="#mixamorig_Spine2-Interpolations-array" count="33"><param type="name"/></accessor></technique_common></source><sampler id="mixamorig_Spine2-Matrix-animation-transform"><input semantic="INPUT" source="#mixamorig_Spine2-Matrix-animation-input"/><input semantic="OUTPUT" source="#mixamorig_Spine2-Matrix-animation-output-transform"/><input semantic="INTERPOLATION" source="#mixamorig_Spine2-Interpolations"/></sampler><channel source="#mixamorig_Spine2-Matrix-animation-transform" target="mixamorig_Spine2/matrix"/></animation>
    <animation id="mixamorig_Neck-anim" name="mixamorig_Neck"><source id="mixamorig_Neck-Matrix-animation-input"><float_array id="mixamorig_Neck-Matrix-animation-input-array" count="33">

0.000000 0.033333 0.066667 0.100000 0.133333 0.166667 0.200000 0.233333 0.266667 0.300000 0.333333 0.366667 0.400000 0.433333 0.466667 0.500000
0.533333 0.566667 0.600000 0.633333 0.666667 0.700000 0.733333 0.766667 0.800000 0.833333 0.866667 0.900000 0.933333 0.966667 1.000000 1.033333
1.066667</float_array><technique_common><accessor source="#mixamorig_Neck-Matrix-animation-input-array" count="33"><param name="TIME" type="float"/></accessor></technique_common></source><source id="mixamorig_Neck-Matrix-animation-output-transform"><float_array id="mixamorig_Neck-Matrix-animation-output-transform-array" count="528">

0.998177 -0.053569 0.027791 0.000000 0.060344 0.891577 -0.448831 11.373300 -0.000735 0.449690 0.893184 -0.000000 0.000000 0.000000 0.000000 1.000000
0.998777 -0.040853 0.027855 -0.000000 0.049031 0.891076 -0.451198 11.373300 -0.006388 0.452012 0.891989 0.000000 0.000000 0.000000 0.000000 1.000000
0.999286 -0.026659 0.026784 0.000000 0.035911 0.890614 -0.453341 11.373300 -0.011769 0.453979 0.890935 -0.000000 0.000000 0.000000 0.000000 1.000000
0.999613 -0.014199 0.023939 -0.000000 0.023553 0.889839 -0.455667 11.373300 -0.014832 0.456054 0.889828 0.000000 0.000000 0.000000 0.000000 1.000000
0.999797 -0.005874 0.019250 -0.000000 0.014046 0.888668 -0.458336 11.373300 -0.014414 0.458513 0.888571 0.000000 0.000000 0.000000 0.000000 1.000000
0.999905 -0.000848 0.013759 -0.000000 0.007093 0.887469 -0.460813 11.373300 -0.011820 0.460867 0.887390 0.000000 0.000000 0.000000 0.000000 1.000000
0.999950 0.004395 0.008936 0.000000 0.000230 0.886926 -0.461911 11.373300 -0.009956 0.461890 0.886881 0.000000 0.000000 0.000000 0.000000 1.000000
0.999900 0.013112 0.005360 0.000000 -0.009172 0.887619 -0.460487 11.373300 -0.010796 0.460392 0.887650 0.000000 0.000000 0.000000 0.000000 1.000000
0.999655 0.026150 0.002313 0.000000 -0.022214 0.889570 -0.456258 11.373300 -0.013989 0.456050 0.889844 -0.000000 0.000000 0.000000 0.000000 1.000000
0.999132 0.041625 -0.001329 0.000000 -0.037771 0.892255 -0.449949 11.373300 -0.017543 0.449609 0.893053 0.000000 0.000000 0.000000 0.000000 1.000000
0.998412 0.055997 -0.006083 -0.000000 -0.052900 0.895110 -0.442696 11.373300 -0.019345 0.442315 0.896651 0.000000 0.000000 0.000000 0.000000 1.000000
0.997753 0.065974 -0.011716 -0.000000 -0.064484 0.897874 -0.435505 11.373300 -0.018212 0.435281 0.900110 -0.000000 0.000000 0.000000 0.000000 1.000000
0.997362 0.070399 -0.017690 -0.000000 -0.071166 0.900351 -0.429305 11.373300 -0.014295 0.429431 0.902986 -0.000000 0.000000 0.000000 0.000000 1.000000
0.997217 0.070787 -0.023381 0.000000 -0.074004 0.902146 -0.425037 11.373300 -0.008994 0.425584 0.904874 0.000000 0.000000 0.000000 0.000000 1.000000
0.997153 0.070012 -0.028003 -0.000000 -0.075279 0.902917 -0.423170 11.373300 -0.004342 0.424074 0.905617 -0.000000 0.000000 0.000000 0.000000 1.000000
0.997063 0.070144 -0.030746 -0.000000 -0.076562 0.902837 -0.423112 11.373300 -0.001920 0.424224 0.905555 -0.000000 0.000000 0.000000 0.000000 1.000000
0.996987 0.071004 -0.031219 0.000000 -0.077540 0.902553 -0.423539 11.373300 -0.001896 0.424684 0.905340 0.000000 0.000000 0.000000 0.000000 1.000000
0.997075 0.070424 -0.029714 -0.000000 -0.076376 0.902583 -0.423686 11.373300 -0.003019 0.424716 0.905322 0.000000 0.000000 0.000000 0.000000 1.000000
0.997446 0.066183 -0.026867 -0.000000 -0.071326 0.902685 -0.424349 11.373300 -0.003832 0.425181 0.905100 -0.000000 0.000000 0.000000 0.000000 1.000000
0.998030 0.058362 -0.023009 -0.000000 -0.062593 0.901865 -0.427459 11.373300 -0.004196 0.428057 0.903742 0.000000 0.000000 0.000000 0.000000 1.000000
0.998597 0.049820 -0.017922 0.000000 -0.052656 0.899157 -0.434447 11.373300 -0.005529 0.434781 0.900519 0.000000 0.000000 0.000000 0.000000 1.000000
0.998985 0.043588 -0.011370 0.000000 -0.044095 0.894607 -0.444673 11.373300 -0.009210 0.444723 0.895621 -0.000000 0.000000 0.000000 0.000000 1.000000
0.999217 0.039380 -0.003828 0.000000 -0.036806 0.889663 -0.455132 11.373300 -0.014517 0.454917 0.890416 0.000000 0.000000 0.000000 0.000000 1.000000
0.999438 0.033344 0.003476 0.000000 -0.027971 0.886547 -0.461792 11.373300 -0.018480 0.461435 0.886981 -0.000000 0.000000 0.000000 0.000000 1.000000
0.999719 0.021772 0.009370 0.000000 -0.014984 0.886818 -0.461875 11.373300 -0.018365 0.461605 0.886896 0.000000 0.000000 0.000000 0.000000 1.000000
0.999898 0.004642 0.013534 0.000000 0.002036 0.890136 -0.455691 11.373300 -0.014162 0.455671 0.890035 -0.000000 0.000000 0.000000 0.000000 1.000000
0.999756 -0.014746 0.016463 -0.000000 0.020548 0.894481 -0.446634 11.373300 -0.008140 0.446863 0.894565 0.000000 0.000000 0.000000 0.000000 1.000000
0.999288 -0.032694 0.018810 0.000000 0.037634 0.897664 -0.439071 11.373300 -0.002530 0.439467 0.898255 0.000000 0.000000 0.000000 0.000000 1.000000
0.998678 -0.046939 0.020936 -0.000000 0.051371 0.898652 -0.435643 11.373300 0.001634 0.436143 0.899876 0.000000 0.000000 0.000000 0.000000 1.000000
0.998137 -0.056530 0.022942 -0.000000 0.060873 0.897741 -0.436298 11.373300 0.004068 0.436882 0.899510 0.000000 0.000000 0.000000 0.000000 1.000000
0.997817 -0.061217 0.024789 0.000000 0.065879 0.895848 -0.439450 11.373300 0.004695 0.440123 0.897925 0.000000 0.000000 0.000000 0.000000 1.000000
0.997780 -0.061173 0.026336 0.000000 0.066505 0.893838 -0.443430 11.373300 0.003586 0.444197 0.895922 0.000000 0.000000 0.000000 0.000000 1.000000
0.997987 -0.057160 0.027461 0.000000 0.063405 0.892174 -0.447219 11.373300 0.001063 0.448061 0.894003 0.000000 0.000000 0.000000 0.000000 1.000000</float_array><technique_common><accessor source="#mixamorig_Neck-Matrix-animation-output-transform-array" count="33" stride="16"><param type="float4x4"/></accessor></technique_common></source><source id="mixamorig_Neck-Interpolations"><Name_array id="mixamorig_Neck-Interpolations-array" count="33">
 LINEAR LINEAR LINEAR LINEAR LINEAR LINEAR LINEAR LINEAR LINEAR LINEAR LINEAR
LINEAR LINEAR LINEAR LINEAR LINEAR LINEAR LINEAR LINEAR LINEAR LINEAR LINEAR LINEAR
LINEAR LINEAR LINEAR LINEAR LINEAR LINEAR LINEAR LINEAR LINEAR LINEAR</Name_array><technique_common><accessor source="#mixamorig_Neck-Interpolations-array" count="33"><param type="name"/></accessor></technique_common></source><sampler id="mixamorig_Neck-Matrix-animation-transform"><input semantic="INPUT" source="#mixamorig_Neck-Matrix-animation-input"/><input semantic="OUTPUT" source="#mixamorig_Neck-Matrix-animation-output-transform"/><input semantic="INTERPOLATION" source="#mixamorig_Neck-Interpolations"/></sampler><channel source="#mixamorig_Neck-Matrix-animation-transform" target="mixamorig_Neck/matrix"/></animation>
    <animation id="mixamorig_Head-anim" name="mixamorig_Head"><source id="mixamorig_Head-Matrix-animation-input"><float_array id="mixamorig_Head-Matrix-animation-input-array" count="33">

0.000000 0.033333 0.066667 0.100000 0.133333 0.166667 0.200000 0.233333 0.266667 0.300000 0.333333 0.366667 0.400000 0.433333 0.466667 0.500000
0.533333 0.566667 0.600000 0.633333 0.666667 0.700000 0.733333 0.766667 0.800000 0.833333 0.866667 0.900000 0.933333 0.966667 1.000000 1.033333
1.066667</float_array><technique_common><accessor source="#mixamorig_Head-Matrix-animation-input-array" count="33"><param name="TIME" type="float"/></accessor></technique_common></source><source id="mixamorig_Head-Matrix-animation-output-transform"><float_array id="mixamorig_Head-Matrix-animation-output-transform-array" count="528">

0.936773 0.182983 0.298284 -0.000000 -0.086803 0.947259 -0.308488 8.859100 -0.339000 0.263092 0.903251 2.700600 0.000000 0.000000 0.000000 1.000000
0.946734 0.166742 0.275485 0.000000 -0.078799 0.949449 -0.303871 8.859100 -0.312227 0.265977 0.912015 2.700600 0.000000 0.000000 0.000000 1.000000
0.957499 0.150941 0.245788 0.000000 -0.073193 0.951401 -0.299131 8.859100 -0.278994 0.268427 0.922014 2.700600 0.000000 0.000000 0.000000 1.000000
0.968327 0.136401 0.209135 0.000000 -0.071514 0.954015 -0.291102 8.859100 -0.239225 0.266926 0.933553 2.700600 0.000000 0.000000 0.000000 1.000000
0.978192 0.123334 0.167118 0.000000 -0.073352 0.957897 -0.277583 8.859100 -0.194317 0.259271 0.946055 2.700600 0.000000 0.000000 0.000000 1.000000
0.986273 0.110133 0.123027 0.000000 -0.075046 0.962652 -0.260134 8.859100 -0.147082 0.247331 0.957703 2.700600 0.000000 0.000000 0.000000 1.000000
0.992262 0.094682 0.080324 0.000000 -0.072529 0.967068 -0.243966 8.859100 -0.100778 0.236252 0.966452 2.700600 0.000000 0.000000 0.000000 1.000000
0.996159 0.077586 0.040601 0.000000 -0.066016 0.970014 -0.233913 8.859100 -0.057532 0.230335 0.971409 2.700600 0.000000 0.000000 0.000000 1.000000
0.998016 0.062905 0.002650 0.000000 -0.060602 0.971191 -0.230467 8.859100 -0.017071 0.229849 0.973076 2.700600 0.000000 0.000000 0.000000 1.000000
0.997862 0.054823 -0.035591 0.000000 -0.061572 0.971155 -0.230361 8.859100 0.021936 0.232059 0.972454 2.700600 0.000000 0.000000 0.000000 1.000000
0.995767 0.054165 -0.074257 0.000000 -0.070015 0.970425 -0.231027 8.859100 0.059547 0.235249 0.970109 2.700600 0.000000 0.000000 0.000000 1.000000
0.992048 0.058401 -0.111487 0.000000 -0.083267 0.968798 -0.233446 8.859100 0.094375 0.240873 0.965957 2.700600 0.000000 0.000000 0.000000 1.000000
0.987318 0.064030 -0.145267 -0.000000 -0.097978 0.965757 -0.240236 8.859100 0.124911 0.251422 0.959783 2.700600 0.000000 0.000000 0.000000 1.000000
0.982405 0.068532 -0.173733 0.000000 -0.111636 0.961245 -0.252084 8.859100 0.149724 0.267043 0.951982 2.700600 0.000000 0.000000 0.000000 1.000000
0.978360 0.071312 -0.194231 -0.000000 -0.122635 0.955930 -0.266755 8.859100 0.166649 0.284802 0.943989 2.700600 0.000000 0.000000 0.000000 1.000000
0.976244 0.074269 -0.203550 0.000000 -0.130867 0.950825 -0.280723 8.859100 0.172692 0.300692 0.937956 2.700600 0.000000 0.000000 0.000000 1.000000
0.976595 0.081277 -0.199137 0.000000 -0.138152 0.946652 -0.291144 8.859100 0.164850 0.311841 0.935724 2.700600 0.000000 0.000000 0.000000 1.000000
0.978969 0.095770 -0.180131 -0.000000 -0.146908 0.943592 -0.296734 8.859100 0.141552 0.316957 0.937817 2.700600 0.000000 0.000000 0.000000 1.000000
0.981961 0.117725 -0.147963 0.000000 -0.157691 0.941676 -0.297286 8.859100 0.104335 0.315256 0.943254 2.700600 0.000000 0.000000 0.000000 1.000000
0.984069 0.142610 -0.106163 -0.000000 -0.167988 0.941361 -0.292609 8.859100 0.058209 0.305782 0.950321 2.700600 0.000000 0.000000 0.000000 1.000000
0.984723 0.163771 -0.059164 -0.000000 -0.173867 0.943434 -0.282318 8.859100 0.009582 0.288291 0.957495 2.700600 0.000000 0.000000 0.000000 1.000000
0.984212 0.176676 -0.010613 -0.000000 -0.173060 0.948028 -0.267008 8.859100 -0.037112 0.264630 0.963636 2.700600 0.000000 0.000000 0.000000 1.000000
0.982705 0.181343 0.037489 0.000000 -0.166488 0.953861 -0.249863 8.859100 -0.081070 0.239300 0.967555 2.700600 0.000000 0.000000 0.000000 1.000000
0.979857 0.181158 0.084033 0.000000 -0.156914 0.958723 -0.237127 8.859100 -0.123521 0.219164 0.967838 2.700600 0.000000 0.000000 0.000000 1.000000
0.975278 0.180060 0.128110 -0.000000 -0.146361 0.960667 -0.236004 8.859100 -0.165566 0.211419 0.963270 2.700600 0.000000 0.000000 0.000000 1.000000
0.968709 0.181209 0.169608 0.000000 -0.135512 0.958651 -0.250250 8.859100 -0.207942 0.219436 0.953209 2.700600 0.000000 0.000000 0.000000 1.000000
0.959770 0.187231 0.209250 0.000000 -0.125556 0.952746 -0.276604 8.859100 -0.251151 0.239204 0.937926 2.700600 0.000000 0.000000 0.000000 1.000000
0.948389 0.198915 0.246963 -0.000000 -0.118570 0.944747 -0.305606 8.859100 -0.294107 0.260550 0.919573 2.700600 0.000000 0.000000 0.000000 1.000000
0.936118 0.212547 0.280190 -0.000000 -0.115102 0.937993 -0.326987 8.859100 -0.332317 0.273848 0.902537 2.700600 0.000000 0.000000 0.000000 1.000000
0.926523 0.221019 0.304477 -0.000000 -0.112858 0.935264 -0.335476 8.859100 -0.358913 0.276464 0.891487 2.700600 0.000000 0.000000 0.000000 1.000000
0.922935 0.219295 0.316388 0.000000 -0.108660 0.936862 -0.332389 8.859100 -0.369303 0.272394 0.888491 2.700600 0.000000 0.000000 0.000000 1.000000
