<?xml version="1.0" encoding="utf-8"?>
<COLLADA xmlns="http://www.collada.org/2005/11/COLLADASchema" version="1.4.1">
  <asset><contributor><author>Mixamo</author><authoring_tool>COLLADA Mixamo exporter</authoring_tool><comments></comments></contributor><created>2020-12-04T01:57:43Z</created><modified>2020-12-04T01:57:43Z</modified><revision></revision><title></title><unit meter="0.010000"/><up_axis>Y_UP</up_axis></asset>
  <library_animations>
    <animation id="mixamorig_Hips-anim" name="mixamorig_Hips"><source id="mixamorig_Hips-Matrix-animation-input"><float_array id="mixamorig_Hips-Matrix-animation-input-array" count="146">

0.000000 0.033333 0.066667 0.100000 0.133333 0.166667 0.200000 0.233333 0.266667 0.300000 0.333333 0.366667 0.400000 0.433333 0.466667 0.500000
0.533333 0.566667 0.600000 0.633333 0.666667 0.700000 0.733333 0.766667 0.800000 0.833333 0.866667 0.900000 0.933333 0.966667 1.000000 1.033333
1.066667 1.100000 1.133333 1.166667 1.200000 1.233333 1.266667 1.300000 1.333333 1.366667 1.400000 1.433333 1.466667 1.500000 1.533333 1.566667
1.600000 1.633333 1.666667 1.700000 1.733333 1.766667 1.800000 1.833333 1.866667 1.900000 1.933333 1.966667 2.000000 2.033333 2.066667 2.100000
2.133333 2.166667 2.200000 2.233333 2.266667 2.300000 2.333333 2.366667 2.400000 2.433333 2.466667 2.500000 2.533333 2.566667 2.600000 2.633333
2.666667 2.700000 2.733333 2.766667 2.800000 2.833333 2.866667 2.900000 2.933333 2.966667 3.000000 3.033333 3.066667 3.100000 3.133333 3.166667
3.200000 3.233333 3.266667 3.300000 3.333333 3.366667 3.400000 3.433333 3.466667 3.500000 3.533333 3.566667 3.600000 3.633333 3.666667 3.700000
3.733333 3.766667 3.800000 3.833333 3.866667 3.900000 3.933333 3.966667 4.000000 4.033333 4.066667 4.100000 4.133333 4.166667 4.200000 4.233333
4.266667 4.300000 4.333333 4.366667 4.400000 4.433333 4.466667 4.500000 4.533333 4.566667 4.600000 4.633333 4.666667 4.700000 4.733333 4.766667
4.800000 4.833333</float_array><technique_common><accessor source="#mixamorig_Hips-Matrix-animation-input-array" count="146"><param name="TIME" type="float"/></accessor></technique_common></source><source id="mixamorig_Hips-Matrix-animation-output-transform"><float_array id="mixamorig_Hips-Matrix-animation-output-transform-array" count="2336">

0.949628 -0.294920 0.105965 1.479445 0.217287 0.863312 0.455498 76.040123 -0.225816 -0.409529 0.883908 0.873620 0.000000 0.000000 0.000000 1.000000
0.961777 -0.256634 0.095517 0.232667 0.190908 0.878474 0.437993 76.440514 -0.196313 -0.403017 0.893890 -2.102396 0.000000 0.000000 0.000000 1.000000
0.973215 -0.217597 0.074195 -0.806293 0.166387 0.889373 0.425831 77.557426 -0.158647 -0.402079 0.901756 -5.220266 0.000000 0.000000 0.000000 1.000000
0.982566 -0.179887 0.046952 -1.740628 0.144405 0.897511 0.416680 78.801346 -0.117095 -0.402635 0.907840 -8.480310 0.000000 0.000000 0.000000 1.000000
0.989384 -0.144139 0.018524 -2.754120 0.124142 0.904549 0.407897 80.048286 -0.075550 -0.401267 0.912840 -11.770761 0.000000 0.000000 0.000000 1.000000
0.994289 -0.106556 -0.005931 -3.957720 0.100152 0.912451 0.396740 81.418015 -0.036864 -0.395069 0.917912 -15.103581 0.000000 0.000000 0.000000 1.000000
0.997345 -0.069191 -0.022685 -5.481937 0.072618 0.922199 0.379837 83.016251 -0.005361 -0.380476 0.924775 -18.345078 0.000000 0.000000 0.000000 1.000000
0.998780 -0.038231 -0.031244 -7.427688 0.046815 0.934379 0.353193 84.869743 0.015691 -0.354225 0.935029 -21.495110 0.000000 0.000000 0.000000 1.000000
0.999752 -0.019382 -0.010932 -10.795179 0.021711 0.957326 0.288195 87.809799 0.004879 -0.288361 0.957509 -24.623806 0.000000 0.000000 0.000000 1.000000
0.999804 -0.002732 0.019596 -14.858859 -0.001346 0.978731 0.205142 91.154739 -0.019739 -0.205128 0.978536 -27.791912 0.000000 0.000000 0.000000 1.000000
0.998014 0.015712 0.061002 -19.364290 -0.023119 0.992176 0.122687 94.583984 -0.058597 -0.123853 0.990569 -31.035761 0.000000 0.000000 0.000000 1.000000
0.992443 0.031493 0.118595 -24.448952 -0.039329 0.997154 0.064321 97.603134 -0.116232 -0.068499 0.990857 -34.557541 0.000000 0.000000 0.000000 1.000000
0.986223 0.015083 0.164732 -29.358473 -0.019194 0.999542 0.023397 99.896866 -0.164303 -0.026236 0.986061 -37.959835 0.000000 0.000000 0.000000 1.000000
0.987834 0.021709 0.153992 -33.841480 -0.018822 0.999619 -0.020179 100.941315 -0.154371 0.017035 0.987866 -40.792873 0.000000 0.000000 0.000000 1.000000
0.990556 0.049392 0.127904 -38.375774 -0.042334 0.997457 -0.057330 100.286476 -0.130410 0.051374 0.990128 -43.438019 0.000000 0.000000 0.000000 1.000000
0.988478 0.065683 0.136374 -42.649731 -0.053134 0.994181 -0.093705 98.528625 -0.141735 0.085379 0.986216 -45.943535 0.000000 0.000000 0.000000 1.000000
0.985672 0.096096 0.138620 -46.732307 -0.078555 0.988800 -0.126897 95.511604 -0.149262 0.114190 0.982182 -48.730694 0.000000 0.000000 0.000000 1.000000
0.988285 0.085041 0.126733 -50.745705 -0.068945 0.989581 -0.126394 92.207779 -0.136162 0.116176 0.983851 -51.565392 0.000000 0.000000 0.000000 1.000000
0.994139 0.033857 0.102668 -55.193459 -0.024600 0.995626 -0.090128 90.258934 -0.105271 0.087074 0.990624 -53.614754 0.000000 0.000000 0.000000 1.000000
0.995693 0.020554 0.090407 -60.195930 -0.014516 0.997652 -0.066936 90.202393 -0.091570 0.065335 0.993653 -54.988503 0.000000 0.000000 0.000000 1.000000
0.996043 0.025044 0.085269 -64.934311 -0.019667 0.997799 -0.063324 92.678986 -0.086667 0.061396 0.994344 -55.685200 0.000000 0.000000 0.000000 1.000000
0.998244 0.050581 0.030841 -68.705742 -0.048876 0.997359 -0.053731 95.645393 -0.033477 0.052129 0.998079 -55.521896 0.000000 0.000000 0.000000 1.000000
0.995690 0.092306 -0.009037 -72.485519 -0.092576 0.995039 -0.036426 98.069580 0.005630 0.037105 0.999296 -54.684818 0.000000 0.000000 0.000000 1.000000
0.995668 0.090280 0.022240 -76.587646 -0.089364 0.995227 -0.039198 100.026711 -0.025673 0.037041 0.998984 -53.151062 0.000000 0.000000 0.000000 1.000000
0.987198 0.100148 0.124137 -80.257195 -0.094827 0.994332 -0.048072 100.569321 -0.128248 0.035685 0.991100 -51.482296 0.000000 0.000000 0.000000 1.000000
0.969453 0.121798 0.212901 -83.817970 -0.107735 0.991232 -0.076498 99.900871 -0.220352 0.051224 0.974074 -49.389336 0.000000 0.000000 0.000000 1.000000
0.953388 0.159787 0.255968 -87.467628 -0.131552 0.983526 -0.123981 98.121361 -0.271562 0.084529 0.958702 -47.317398 0.000000 0.000000 0.000000 1.000000
0.935274 0.210074 0.284837 -91.327980 -0.174953 0.974006 -0.143888 95.659828 -0.307660 0.084741 0.947715 -45.869961 0.000000 0.000000 0.000000 1.000000
0.927464 0.228402 0.296047 -95.705872 -0.202460 0.972403 -0.115942 92.499184 -0.314359 0.047594 0.948111 -44.993519 0.000000 0.000000 0.000000 1.000000
0.931186 0.213672 0.295357 -99.872543 -0.202068 0.976892 -0.069648 88.785507 -0.303414 0.005173 0.952845 -44.678589 0.000000 0.000000 0.000000 1.000000
0.932802 0.200448 0.299502 -103.194534 -0.199212 0.979332 -0.034992 85.660095 -0.300326 -0.027023 0.953454 -45.107422 0.000000 0.000000 0.000000 1.000000
0.936970 0.196153 0.289155 -105.906830 -0.204228 0.978921 -0.002288 83.955933 -0.283509 -0.056910 0.957280 -46.155670 0.000000 0.000000 0.000000 1.000000
0.949648 0.181217 0.255595 -107.877808 -0.194101 0.980640 0.025897 83.847824 -0.245954 -0.074204 0.966437 -47.266411 0.000000 0.000000 0.000000 1.000000
0.964731 0.159900 0.209106 -108.894447 -0.172373 0.984104 0.042732 84.810425 -0.198950 -0.077269 0.976959 -48.958145 0.000000 0.000000 0.000000 1.000000
0.972914 0.148606 0.177070 -109.412544 -0.159726 0.985883 0.050217 86.556610 -0.167107 -0.077140 0.982916 -51.591564 0.000000 0.000000 0.000000 1.000000
0.976719 0.144825 0.158259 -109.948158 -0.153418 0.987206 0.043434 88.695709 -0.149944 -0.066703 0.986442 -55.138119 0.000000 0.000000 0.000000 1.000000
0.978805 0.146203 0.143407 -110.649040 -0.150678 0.988364 0.020798 90.736786 -0.138698 -0.041966 0.989445 -59.082947 0.000000 0.000000 0.000000 1.000000
0.980807 0.152438 0.121574 -111.506554 -0.149246 0.988181 -0.034997 92.315735 -0.125472 0.016181 0.991965 -62.846466 0.000000 0.000000 0.000000 1.000000
0.980568 0.164738 0.106524 -112.513496 -0.152807 0.981902 -0.111889 92.619316 -0.123029 0.093437 0.987995 -65.934166 0.000000 0.000000 0.000000 1.000000
0.977472 0.182567 0.105915 -113.232651 -0.163108 0.971866 -0.169917 91.761444 -0.133956 0.148813 0.979750 -68.183083 0.000000 0.000000 0.000000 1.000000
0.978281 0.190417 0.081904 -113.529755 -0.170897 0.964530 -0.201186 90.276329 -0.117308 0.182819 0.976123 -69.570831 0.000000 0.000000 0.000000 1.000000
0.980350 0.192868 0.041425 -113.527885 -0.181851 0.964969 -0.189116 88.880783 -0.076448 0.177867 0.981081 -70.086403 0.000000 0.000000 0.000000 1.000000
0.985215 0.165934 0.042621 -113.254433 -0.157926 0.976069 -0.149497 87.777641 -0.066407 0.140556 0.987843 -69.618088 0.000000 0.000000 0.000000 1.000000
0.991340 0.120684 0.051782 -112.731400 -0.115637 0.989081 -0.091356 87.134369 -0.062242 0.084577 0.994471 -67.990845 0.000000 0.000000 0.000000 1.000000
0.996465 0.078036 0.031117 -111.936676 -0.077048 0.996521 -0.031764 86.575737 -0.033488 0.029254 0.999011 -65.413780 0.000000 0.000000 0.000000 1.000000
0.998507 0.054483 -0.003847 -110.901772 -0.054506 0.998495 -0.006134 86.195541 0.003507 0.006334 0.999974 -62.803444 0.000000 0.000000 0.000000 1.000000
0.997821 0.048268 -0.044977 -109.941330 -0.047305 0.998633 0.022227 85.955956 0.045988 -0.020051 0.998741 -61.372520 0.000000 0.000000 0.000000 1.000000
0.995244 0.044735 -0.086539 -108.934563 -0.037090 0.995428 0.088023 85.060547 0.090081 -0.084394 0.992352 -61.213524 0.000000 0.000000 0.000000 1.000000
0.992349 0.040336 -0.116692 -107.808540 -0.021678 0.987370 0.156941 82.861870 0.121548 -0.153211 0.980690 -61.585052 0.000000 0.000000 0.000000 1.000000
0.987272 0.038541 -0.154302 -106.496910 -0.003993 0.975894 0.218208 79.596016 0.158993 -0.214815 0.963626 -62.140633 0.000000 0.000000 0.000000 1.000000
0.981078 0.036378 -0.190162 -105.225616 0.019269 0.958967 0.282862 74.774254 0.192649 -0.281174 0.940121 -62.345707 0.000000 0.000000 0.000000 1.000000
0.978126 0.030350 -0.205785 -104.173584 0.046178 0.932931 0.357082 68.551651 0.202821 -0.358774 0.911123 -62.156876 0.000000 0.000000 0.000000 1.000000
0.975558 0.029135 -0.217803 -103.229889 0.067245 0.904038 0.422130 61.271618 0.209201 -0.426458 0.879982 -62.206306 0.000000 0.000000 0.000000 1.000000
0.975826 0.017602 -0.217840 -102.590363 0.091577 0.872095 0.480692 53.222553 0.198438 -0.489021 0.849400 -62.437016 0.000000 0.000000 0.000000 1.000000
0.974486 0.016261 -0.223860 -102.109016 0.104165 0.850697 0.515232 44.884823 0.198816 -0.525404 0.827298 -62.688545 0.000000 0.000000 0.000000 1.000000
0.973526 0.024048 -0.227306 -101.604424 0.101337 0.845968 0.523515 41.051399 0.204883 -0.532691 0.821135 -62.809887 0.000000 0.000000 0.000000 1.000000
0.972659 0.039704 -0.228821 -101.080872 0.089386 0.845375 0.526641 38.784107 0.214349 -0.532695 0.818713 -62.813873 0.000000 0.000000 0.000000 1.000000
0.970964 0.059134 -0.231802 -100.464584 0.072945 0.849637 0.522298 38.018501 0.227833 -0.524042 0.820654 -62.877926 0.000000 0.000000 0.000000 1.000000
0.967710 0.078368 -0.239575 -99.667252 0.056246 0.859345 0.508294 38.863125 0.245711 -0.505356 0.827189 -62.987720 0.000000 0.000000 0.000000 1.000000
0.962355 0.094971 -0.254662 -98.653275 0.040902 0.875692 0.481135 41.357868 0.268699 -0.473439 0.838842 -63.153961 0.000000 0.000000 0.000000 1.000000
0.954230 0.103812 -0.280477 -97.107460 0.022312 0.910498 0.412911 48.534061 0.298239 -0.400270 0.866508 -63.322712 0.000000 0.000000 0.000000 1.000000
0.944943 0.102377 -0.310809 -95.563499 0.009638 0.940683 0.339151 55.756172 0.327094 -0.323474 0.887905 -63.149353 0.000000 0.000000 0.000000 1.000000
0.932473 0.094885 -0.348555 -93.858482 0.007694 0.959452 0.281768 62.667747 0.361158 -0.265423 0.893933 -62.339626 0.000000 0.000000 0.000000 1.000000
0.911263 0.080809 -0.403820 -92.431480 0.009559 0.976145 0.216908 68.846100 0.411715 -0.201520 0.888752 -61.282112 0.000000 0.000000 0.000000 1.000000
0.896430 0.077563 -0.436345 -91.373199 -0.001079 0.984945 0.172863 73.778473 0.443184 -0.154489 0.883018 -59.446327 0.000000 0.000000 0.000000 1.000000
0.878372 0.065951 -0.473405 -90.265594 -0.003658 0.991333 0.131318 77.115097 0.477963 -0.113615 0.871001 -57.670513 0.000000 0.000000 0.000000 1.000000
0.864780 0.063652 -0.498101 -89.065865 -0.013775 0.994567 0.103179 79.300194 0.501963 -0.082366 0.860958 -55.802422 0.000000 0.000000 0.000000 1.000000
0.849172 0.067975 -0.523723 -87.880508 -0.027639 0.996043 0.084463 80.358002 0.527392 -0.057249 0.847691 -54.010132 0.000000 0.000000 0.000000 1.000000
0.827476 0.082252 -0.555443 -86.751541 -0.055229 0.996338 0.065264 79.927246 0.558778 -0.023328 0.828989 -52.398788 0.000000 0.000000 0.000000 1.000000
0.804047 0.091612 -0.587466 -85.457344 -0.068525 0.995752 0.061494 78.452103 0.590604 -0.009188 0.806909 -51.189857 0.000000 0.000000 0.000000 1.000000
0.815982 0.108787 -0.567749 -84.424110 -0.082708 0.993999 0.071591 76.476234 0.572130 -0.011460 0.820083 -50.091011 0.000000 0.000000 0.000000 1.000000
0.838218 0.142731 -0.526326 -83.155685 -0.109531 0.989537 0.093911 75.197327 0.534223 -0.021069 0.845081 -48.824604 0.000000 0.000000 0.000000 1.000000
0.861813 0.126364 -0.491233 -81.202316 -0.093537 0.991454 0.090939 74.933060 0.498526 -0.032424 0.866268 -46.774727 0.000000 0.000000 0.000000 1.000000
0.877482 0.104325 -0.468125 -77.811623 -0.070465 0.993507 0.089327 76.208679 0.474405 -0.045397 0.879136 -43.649609 0.000000 0.000000 0.000000 1.000000
0.884740 0.090071 -0.457298 -73.771431 -0.071141 0.995750 0.058491 79.479530 0.460623 -0.019217 0.887388 -39.785339 0.000000 0.000000 0.000000 1.000000
0.876699 0.058853 -0.477425 -69.411354 -0.060230 0.998107 0.012437 84.035942 0.477254 0.017852 0.878584 -35.910152 0.000000 0.000000 0.000000 1.000000
0.854226 0.039583 -0.518393 -65.109024 -0.037934 0.999185 0.013785 88.988960 0.518517 0.007889 0.855031 -32.685673 0.000000 0.000000 0.000000 1.000000
0.821822 0.021089 -0.569353 -60.705639 -0.000272 0.999329 0.036624 93.663246 0.569744 -0.029943 0.821277 -29.421568 0.000000 0.000000 0.000000 1.000000
0.790233 0.004698 -0.612788 -56.073956 0.031127 0.998372 0.047794 97.150848 0.612015 -0.056842 0.788800 -26.272917 0.000000 0.000000 0.000000 1.000000
0.738942 -0.008662 -0.673713 -51.605824 0.062469 0.996491 0.055704 98.974342 0.670867 -0.083248 0.736890 -22.922693 0.000000 0.000000 0.000000 1.000000
0.674612 -0.027690 -0.737653 -47.599571 0.090762 0.994825 0.045662 99.477188 0.732572 -0.097754 0.673634 -19.357033 0.000000 0.000000 0.000000 1.000000
0.616925 -0.069355 -0.783960 -44.230556 0.123463 0.992305 0.009370 98.951218 0.777277 -0.102571 0.620741 -15.605359 0.000000 0.000000 0.000000 1.000000
0.585837 -0.128321 -0.800205 -41.022987 0.161714 0.986038 -0.039728 97.613770 0.794131 -0.106130 0.598409 -11.700370 0.000000 0.000000 0.000000 1.000000
0.568257 -0.182129 -0.802442 -37.636726 0.213378 0.974454 -0.070065 95.155182 0.794704 -0.131408 0.592603 -7.638379 0.000000 0.000000 0.000000 1.000000
0.539890 -0.206952 -0.815898 -34.043232 0.251530 0.964681 -0.078251 92.362022 0.803276 -0.162976 0.572876 -3.748326 0.000000 0.000000 0.000000 1.000000
0.478808 -0.179183 -0.859440 -29.425919 0.249653 0.966324 -0.062382 89.335121 0.841675 -0.184693 0.507417 0.086118 0.000000 0.000000 0.000000 1.000000
0.426473 -0.132776 -0.894702 -25.229275 0.226334 0.973363 -0.036564 87.007706 0.875724 -0.186908 0.445165 3.796199 0.000000 0.000000 0.000000 1.000000
0.371409 -0.127454 -0.919680 -22.272440 0.223524 0.973674 -0.044667 85.399605 0.901162 -0.188981 0.390120 6.821390 0.000000 0.000000 0.000000 1.000000
0.328002 -0.125068 -0.936361 -20.582960 0.198266 0.978235 -0.061210 85.684555 0.923637 -0.165571 0.345660 9.084251 0.000000 0.000000 0.000000 1.000000
0.343078 -0.098428 -0.934136 -19.846283 0.161250 0.985903 -0.044661 88.356880 0.925363 -0.135307 0.354113 10.454423 0.000000 0.000000 0.000000 1.000000
0.380328 -0.048381 -0.923586 -20.477631 0.130807 0.991406 0.001932 91.491013 0.915555 -0.121546 0.383388 11.560123 0.000000 0.000000 0.000000 1.000000
0.403941 0.019591 -0.914575 -22.348085 0.079264 0.995261 0.056328 94.162323 0.911345 -0.095246 0.400474 13.082858 0.000000 0.000000 0.000000 1.000000
0.386325 0.077203 -0.919126 -24.769650 0.043731 0.993837 0.101859 95.843124 0.921325 -0.079545 0.380568 15.227640 0.000000 0.000000 0.000000 1.000000
0.316532 0.113941 -0.941714 -27.549067 0.021038 0.991672 0.127057 96.567253 0.948349 -0.060030 0.311498 17.338289 0.000000 0.000000 0.000000 1.000000
0.212014 0.137250 -0.967581 -30.621452 -0.002771 0.990169 0.139847 96.432816 0.977263 -0.026969 0.210310 19.098919 0.000000 0.000000 0.000000 1.000000
0.118040 0.158527 -0.980273 -33.254047 -0.026304 0.987328 0.156500 95.558357 0.992660 0.007312 0.120714 20.398146 0.000000 0.000000 0.000000 1.000000
0.056990 0.184403 -0.981197 -34.439655 -0.018392 0.982822 0.183640 93.822479 0.998205 0.007580 0.059403 21.621408 0.000000 0.000000 0.000000 1.000000
0.043842 0.216957 -0.975196 -34.238853 -0.006302 0.976175 0.216891 91.566208 0.999019 -0.003363 0.044164 22.824406 0.000000 0.000000 0.000000 1.000000
0.044272 0.206610 -0.977421 -32.486572 0.000428 0.978377 0.206831 90.057373 0.999019 -0.009575 0.043226 23.927868 0.000000 0.000000 0.000000 1.000000
0.025674 0.153807 -0.987767 -29.328009 0.002622 0.988079 0.153924 89.861153 0.999667 -0.006542 0.024965 25.072422 0.000000 0.000000 0.000000 1.000000
0.009962 0.078330 -0.996878 -24.803362 0.014050 0.996818 0.078466 90.381828 0.999852 -0.014788 0.008830 26.141426 0.000000 0.000000 0.000000 1.000000
0.010044 -0.012866 -0.999867 -19.543606 0.028915 0.999503 -0.012571 91.213158 0.999531 -0.028785 0.010411 27.279520 0.000000 0.000000 0.000000 1.000000
0.012396 -0.097678 -0.995141 -14.631882 0.039509 0.994488 -0.097122 91.729439 0.999142 -0.038113 0.016187 28.348490 0.000000 0.000000 0.000000 1.000000
0.012689 -0.161874 -0.986730 -10.615373 0.041880 0.986029 -0.161221 91.137733 0.999042 -0.039279 0.019291 29.025127 0.000000 0.000000 0.000000 1.000000
0.013920 -0.205013 -0.978660 -7.165516 0.050567 0.977647 -0.204081 90.292023 0.998624 -0.046647 0.023976 29.665897 0.000000 0.000000 0.000000 1.000000
-0.010825 -0.197720 -0.980199 -4.048689 0.055714 0.978614 -0.198016 89.389130 0.998388 -0.056754 0.000422 30.548294 0.000000 0.000000 0.000000 1.000000
-0.040375 -0.138397 -0.989553 -1.282996 0.043473 0.989180 -0.140119 89.031219 0.998238 -0.048676 -0.033922 31.429050 0.000000 0.000000 0.000000 1.000000
-0.046027 -0.068338 -0.996600 1.239847 0.021164 0.997367 -0.069368 89.097137 0.998716 -0.024284 -0.044459 31.837185 0.000000 0.000000 0.000000 1.000000
-0.035339 -0.014125 -0.999276 3.072349 0.013347 0.999804 -0.014604 88.759514 0.999286 -0.013853 -0.035143 32.088844 0.000000 0.000000 0.000000 1.000000
-0.013144 0.055491 -0.998373 4.438694 0.013117 0.998383 0.055319 86.149429 0.999828 -0.012369 -0.013851 32.172039 0.000000 0.000000 0.000000 1.000000
0.015512 0.139940 -0.990039 5.239895 0.024031 0.989819 0.140285 80.989571 0.999591 -0.025968 0.011992 32.342628 0.000000 0.000000 0.000000 1.000000
0.016916 0.197240 -0.980209 5.672569 0.019967 0.980087 0.197560 74.890839 0.999658 -0.022913 0.012641 32.647331 0.000000 0.000000 0.000000 1.000000
0.000019 0.265876 -0.964007 5.803457 0.025533 0.963693 0.265790 67.751328 0.999674 -0.024619 -0.006770 33.250816 0.000000 0.000000 0.000000 1.000000
-0.021640 0.330663 -0.943501 5.986562 0.035633 0.943377 0.329802 59.931496 0.999131 -0.026483 -0.032197 34.032990 0.000000 0.000000 0.000000 1.000000
-0.041066 0.391179 -0.919398 6.850376 0.041324 0.920052 0.389611 52.045361 0.998302 -0.021994 -0.053948 34.783134 0.000000 0.000000 0.000000 1.000000
-0.051504 0.471637 -0.880287 7.533714 0.026265 0.881792 0.470906 44.306770 0.998327 0.001132 -0.057803 35.244717 0.000000 0.000000 0.000000 1.000000
-0.035299 0.571837 -0.819608 7.716672 0.019076 0.820355 0.571537 37.348793 0.999195 0.004540 -0.039866 35.400520 0.000000 0.000000 0.000000 1.000000
-0.016666 0.598990 -0.800583 8.110727 0.023390 0.800709 0.598597 35.051685 0.999587 -0.008749 -0.027355 35.039608 0.000000 0.000000 0.000000 1.000000
-0.000322 0.595073 -0.803672 8.741327 0.032514 0.803253 0.594750 34.849731 0.999471 -0.025939 -0.019607 34.467655 0.000000 0.000000 0.000000 1.000000
0.016100 0.576224 -0.817133 9.660230 0.042057 0.816126 0.576342 36.471439 0.998985 -0.043645 -0.011095 33.693821 0.000000 0.000000 0.000000 1.000000
0.039683 0.530236 -0.846921 11.031870 0.051107 0.845402 0.531679 42.216255 0.997904 -0.064383 0.006449 32.427025 0.000000 0.000000 0.000000 1.000000
0.070553 0.468720 -0.880525 11.955587 0.058150 0.879291 0.472722 48.876434 0.995812 -0.084554 0.034781 30.794113 0.000000 0.000000 0.000000 1.000000
0.095386 0.394020 -0.914139 12.515176 0.049494 0.915313 0.399690 55.545250 0.994209 -0.083369 0.067807 29.234673 0.000000 0.000000 0.000000 1.000000
0.116396 0.335139 -0.934951 13.129484 0.039279 0.939060 0.341502 62.355358 0.992426 -0.076473 0.096139 27.539368 0.000000 0.000000 0.000000 1.000000
0.130571 0.281037 -0.950773 13.854120 0.018022 0.958152 0.285693 69.061935 0.991275 -0.054438 0.120042 25.729694 0.000000 0.000000 0.000000 1.000000
0.145923 0.232920 -0.961486 14.300191 -0.006900 0.972105 0.234445 74.627502 0.989272 -0.027577 0.143459 24.027134 0.000000 0.000000 0.000000 1.000000
0.160966 0.197836 -0.966929 14.433503 -0.022604 0.980186 0.196785 78.919601 0.986701 -0.009819 0.162249 22.651960 0.000000 0.000000 0.000000 1.000000
0.169100 0.171250 -0.970607 14.596317 -0.030106 0.985227 0.168584 82.211578 0.985139 0.000714 0.171758 21.570395 0.000000 0.000000 0.000000 1.000000
0.165861 0.141525 -0.975941 14.629066 -0.034113 0.989880 0.137749 84.322807 0.985559 0.010446 0.169010 20.491713 0.000000 0.000000 0.000000 1.000000
0.171003 0.123627 -0.977484 14.572300 -0.038113 0.992184 0.118819 84.904716 0.984533 0.016937 0.174378 19.234831 0.000000 0.000000 0.000000 1.000000
0.201357 0.111189 -0.973187 14.817547 -0.040090 0.993639 0.105231 84.643227 0.978697 0.017826 0.204534 17.643875 0.000000 0.000000 0.000000 1.000000
0.235576 0.104277 -0.966245 15.479683 -0.055285 0.994055 0.093799 84.057228 0.970282 0.031322 0.239940 16.166195 0.000000 0.000000 0.000000 1.000000
0.253902 0.118161 -0.959985 16.120245 -0.056166 0.992636 0.107325 83.533226 0.965598 0.026669 0.258669 15.001588 0.000000 0.000000 0.000000 1.000000
0.285117 0.141210 -0.948034 16.313398 -0.051575 0.989915 0.131937 83.055183 0.957104 0.011277 0.289525 13.814307 0.000000 0.000000 0.000000 1.000000
0.366028 0.164658 -0.915921 16.026070 -0.025598 0.985631 0.166960 83.503242 0.930252 -0.037666 0.364984 12.570545 0.000000 0.000000 0.000000 1.000000
0.475312 0.197299 -0.857410 14.869739 -0.011327 0.975823 0.218268 85.301834 0.879744 -0.094034 0.466055 11.098969 0.000000 0.000000 0.000000 1.000000
0.598097 0.167445 -0.783736 13.281149 0.010325 0.976238 0.216453 88.436104 0.801357 -0.137552 0.582156 9.480106 0.000000 0.000000 0.000000 1.000000
0.700679 0.096983 -0.706854 11.029118 0.059879 0.979230 0.193710 91.883682 0.710960 -0.178054 0.680319 7.861198 0.000000 0.000000 0.000000 1.000000
0.780368 0.040067 -0.624035 8.720954 0.092036 0.979717 0.177997 93.693253 0.618510 -0.196337 0.760853 6.843519 0.000000 0.000000 0.000000 1.000000
0.862796 -0.011701 -0.505418 6.580777 0.128890 0.971787 0.197528 93.916016 0.488847 -0.235570 0.839962 6.179149 0.000000 0.000000 0.000000 1.000000
0.922828 -0.066192 -0.379482 4.454545 0.164040 0.958866 0.231662 92.100388 0.348539 -0.276034 0.895726 5.561177 0.000000 0.000000 0.000000 1.000000
0.957268 -0.119722 -0.263259 2.762980 0.192963 0.942444 0.273064 88.454330 0.215415 -0.312195 0.925273 4.713546 0.000000 0.000000 0.000000 1.000000
0.970684 -0.190377 -0.146725 1.635667 0.228800 0.918886 0.321401 83.835838 0.073636 -0.345550 0.935507 4.112953 0.000000 0.000000 0.000000 1.000000
0.961617 -0.273787 -0.018255 1.063174 0.260093 0.888276 0.378573 79.041862 -0.087433 -0.368790 0.925392 3.605164 0.000000 0.000000 0.000000 1.000000
0.951133 -0.304513 0.051167 1.280255 0.256819 0.872137 0.416438 77.145035 -0.171435 -0.382947 0.907723 2.721285 0.000000 0.000000 0.000000 1.000000
0.948857 -0.302569 0.090128 1.500184 0.233985 0.865630 0.442646 76.448387 -0.211949 -0.398919 0.892155 1.466282 0.000000 0.000000 0.000000 1.000000</float_array><technique_common><accessor source="#mixamorig_Hips-Matrix-animation-output-transform-array" count="146" stride="16"><param type="float4x4"/></accessor></technique_common></source><source id="mixamorig_Hips-Interpolations"><Name_array id="mixamorig_Hips-Interpolations-array" count="146">
 LINEAR LINEAR LINEAR LINEAR LINEAR LINEAR LINEAR LINEAR LINEAR LINEAR LINEAR
LINEAR LINEAR LINEAR LINEAR LINEAR LINEAR LINEAR LINEAR LINEAR LINEAR LINEAR LINEAR
LINEAR LINEAR LINEAR LINEAR LINEAR LINEAR LINEAR LINEAR LINEAR LINEAR LINEAR LINEAR
LINEAR LINEAR LINEAR LINEAR LINEAR LINEAR LINEAR LINEAR LINEAR LINEAR LINEAR LINEAR
LINEAR LINEAR LINEAR LINEAR LINEAR LINEAR LINEAR LINEAR LINEAR LINEAR LINEAR LINEAR
LINEAR LINEAR LINEAR LINEAR LINEAR LINEAR LINEAR LINEAR LINEAR LINEAR LINEAR LINEAR
LINEAR LINEAR LINEAR LINEAR LINEAR LINEAR LINEAR LINEAR LINEAR LINEAR LINEAR LINEAR
LINEAR LINEAR LINEAR LINEAR LINEAR LINEAR LINEAR LINEAR LINEAR LINEAR LINEAR LINEAR
LINEAR LINEAR LINEAR LINEAR LINEAR LINEAR LINEAR LINEAR LINEAR LINEAR LINEAR LINEAR
LINEAR LINEAR LINEAR LINEAR LINEAR LINEAR LINEAR LINEAR LINEAR LINEAR LINEAR LINEAR
LINEAR LINEAR LINEAR LINEAR LINEAR LINEAR LINEAR LINEAR LINEAR LINEAR LINEAR LINEAR
LINEAR LINEAR LINEAR LINEAR LINEAR LINEAR LINEAR LINEAR LINEAR LINEAR LINEAR LINEAR
LINEAR LINEAR LINEAR</Name_array><technique_common><accessor source="#mixamorig_Hips-Interpolations-array" count="146"><param type="name"/></accessor></technique_common></source><sampler id="mixamorig_Hips-Matrix-animation-transform"><input semantic="INPUT" source="#mixamorig_Hips-Matrix-animation-input"/><input semantic="OUTPUT" source="#mixamorig_Hips-Matrix-animation-output-transform"/><input semantic="INTERPOLATION" source="#mixamorig_Hips-Interpolations"/></sampler><channel source="#mixamorig_Hips-Matrix-animation-transform" target="mixamorig_Hips/matrix"/></animation>
    <animation id="mixamorig_Spine-anim" name="mixamorig_Spine"><source id="mixamorig_Spine-Matrix-animation-input"><float_array id="mixamorig_Spine-Matrix-animation-input-array" count="146">

0.000000 0.033333 0.066667 0.100000 0.133333 0.166667 0.200000 0.233333 0.266667 0.300000 0.333333 0.366667 0.400000 0.433333 0.466667 0.500000
0.533333 0.566667 0.600000 0.633333 0.666667 0.700000 0.733333 0.766667 0.800000 0.833333 0.866667 0.900000 0.933333 0.966667 1.000000 1.033333
1.066667 1.100000 1.133333 1.166667 1.200000 1.233333 1.266667 1.300000 1.333333 1.366667 1.400000 1.433333 1.466667 1.500000 1.533333 1.566667
1.600000 1.633333 1.666667 1.700000 1.733333 1.766667 1.800000 1.833333 1.866667 1.900000 1.933333 1.966667 2.000000 2.033333 2.066667 2.100000
2.133333 2.166667 2.200000 2.233333 2.266667 2.300000 2.333333 2.366667 2.400000 2.433333 2.466667 2.500000 2.533333 2.566667 2.600000 2.633333
2.666667 2.700000 2.733333 2.766667 2.800000 2.833333 2.866667 2.900000 2.933333 2.966667 3.000000 3.033333 3.066667 3.100000 3.133333 3.166667
3.200000 3.233333 3.266667 3.300000 3.333333 3.366667 3.400000 3.433333 3.466667 3.500000 3.533333 3.566667 3.600000 3.633333 3.666667 3.700000
3.733333 3.766667 3.800000 3.833333 3.866667 3.900000 3.933333 3.966667 4.000000 4.033333 4.066667 4.100000 4.133333 4.166667 4.200000 4.233333
4.266667 4.300000 4.333333 4.366667 4.400000 4.433333 4.466667 4.500000 4.533333 4.566667 4.600000 4.633333 4.666667 4.700000 4.733333 4.766667
4.800000 4.833333</float_array><technique_common><accessor source="#mixamorig_Spine-Matrix-animation-input-array" count="146"><param name="TIME" type="float"/></accessor></technique_common></source><source id="mixamorig_Spine-Matrix-animation-output-transform"><float_array id="mixamorig_Spine-Matrix-animation-output-transform-array" count="2336">

0.985051 -0.033914 -0.168889 -0.000000 0.005709 0.986317 -0.164760 7.463500 0.172166 0.161333 0.971767 -1.336300 0.000000 0.000000 0.000000 1.000000
0.986341 -0.031218 -0.161733 0.000000 -0.004087 0.976936 -0.213494 7.463500 0.164668 0.211238 0.963464 -1.336300 0.000000 0.000000 0.000000 1.000000
0.988266 -0.028089 -0.150137 0.000000 -0.013605 0.962851 -0.269689 7.463500 0.152135 0.268567 0.951171 -1.336300 0.000000 0.000000 0.000000 1.000000
0.990382 -0.022671 -0.136487 0.000000 -0.023692 0.944123 -0.328741 7.463500 0.136313 0.328813 0.934506 -1.336300 0.000000 0.000000 0.000000 1.000000
0.992317 -0.015002 -0.122810 0.000000 -0.033903 0.921656 -0.386524 7.463500 0.118987 0.387718 0.914066 -1.336300 0.000000 0.000000 0.000000 1.000000
0.993937 -0.009817 -0.109510 0.000000 -0.039597 0.897211 -0.439824 7.463500 0.102571 0.441493 0.891382 -1.336300 0.000000 0.000000 0.000000 1.000000
0.995206 -0.006018 -0.097620 -0.000000 -0.042278 0.873568 -0.484862 7.463500 0.088195 0.486665 0.869125 -1.336300 0.000000 0.000000 0.000000 1.000000
0.996111 0.002536 -0.088074 0.000000 -0.047964 0.854110 -0.517875 7.463500 0.073912 0.520086 0.850910 -1.336300 0.000000 0.000000 0.000000 1.000000
0.995663 0.018711 -0.091129 0.000000 -0.062697 0.858652 -0.508709 7.463500 0.068730 0.512217 0.856102 -1.336300 0.000000 0.000000 0.000000 1.000000
0.994358 0.037931 -0.099059 -0.000000 -0.081301 0.872354 -0.482067 7.463500 0.068129 0.487401 0.870516 -1.336300 0.000000 0.000000 0.000000 1.000000
0.992068 0.051770 -0.114544 -0.000000 -0.098732 0.884918 -0.455161 7.463500 0.077798 0.462860 0.883011 -1.336300 0.000000 0.000000 0.000000 1.000000
0.987959 0.055442 -0.144443 0.000000 -0.115173 0.886924 -0.447326 7.463500 0.103309 0.458576 0.882630 -1.336300 0.000000 0.000000 0.000000 1.000000
0.980811 0.083503 -0.176174 -0.000000 -0.155201 0.881310 -0.446324 7.463500 0.117995 0.465102 0.877358 -1.336300 0.000000 0.000000 0.000000 1.000000
0.984187 0.113329 -0.136135 0.000000 -0.162305 0.884787 -0.436817 7.463500 0.070946 0.452005 0.889190 -1.336300 0.000000 0.000000 0.000000 1.000000
0.988873 0.122889 -0.083836 -0.000000 -0.147058 0.892580 -0.426234 7.463500 0.022451 0.433820 0.900720 -1.336300 0.000000 0.000000 0.000000 1.000000
0.989384 0.124486 -0.074983 0.000000 -0.144379 0.900751 -0.409636 7.463500 0.016548 0.416113 0.909162 -1.336300 0.000000 0.000000 0.000000 1.000000
0.991814 0.104854 -0.072876 0.000000 -0.125083 0.912566 -0.389329 7.463500 0.025682 0.395257 0.918211 -1.336300 0.000000 0.000000 0.000000 1.000000
0.990859 0.116542 -0.067947 0.000000 -0.133926 0.910314 -0.391653 7.463500 0.016209 0.397173 0.917601 -1.336300 0.000000 0.000000 0.000000 1.000000
0.984787 0.166937 -0.048238 0.000000 -0.171803 0.893770 -0.414318 7.463500 -0.026051 0.416302 0.908853 -1.336300 0.000000 0.000000 0.000000 1.000000
0.982539 0.181437 -0.041211 0.000000 -0.181898 0.890128 -0.417834 7.463500 -0.039127 0.418034 0.907588 -1.336300 0.000000 0.000000 0.000000 1.000000
0.981298 0.189223 -0.035348 0.000000 -0.187169 0.895015 -0.404864 7.463500 -0.044973 0.403909 0.913693 -1.336300 0.000000 0.000000 0.000000 1.000000
0.982308 0.186753 0.013958 0.000000 -0.166749 0.906137 -0.388729 7.463500 -0.085244 0.379524 0.921246 -1.336300 0.000000 0.000000 0.000000 1.000000
0.984174 0.168639 0.054430 0.000000 -0.137982 0.922012 -0.361739 7.463500 -0.111188 0.348504 0.930689 -1.336300 0.000000 0.000000 0.000000 1.000000
0.982330 0.182262 0.042522 -0.000000 -0.159645 0.934594 -0.317881 7.463500 -0.097678 0.305476 0.947177 -1.336300 0.000000 0.000000 0.000000 1.000000
0.989000 0.147739 -0.007197 0.000000 -0.143788 0.948863 -0.281040 7.463500 -0.034692 0.278984 0.959669 -1.336300 0.000000 0.000000 0.000000 1.000000
0.992630 0.113561 -0.042312 0.000000 -0.120163 0.967599 -0.222064 7.463500 0.015723 0.225512 0.974114 -1.336300 0.000000 0.000000 0.000000 1.000000
0.994295 0.089550 -0.057956 -0.000000 -0.096672 0.986148 -0.134781 7.463500 0.045083 0.139615 0.989179 -1.336300 0.000000 0.000000 0.000000 1.000000
0.994621 0.058817 -0.085259 0.000000 -0.066413 0.993799 -0.089179 7.463500 0.079485 0.094362 0.992360 -1.336300 0.000000 0.000000 0.000000 1.000000
0.991247 0.067332 -0.113557 0.000000 -0.078182 0.992501 -0.093962 7.463500 0.106379 0.102017 0.989078 -1.336300 0.000000 0.000000 0.000000 1.000000
0.985938 0.098509 -0.134992 0.000000 -0.114135 0.986975 -0.113372 7.463500 0.122065 0.127185 0.984339 -1.336300 0.000000 0.000000 0.000000 1.000000
0.982168 0.112490 -0.150636 0.000000 -0.133812 0.981092 -0.139832 7.463500 0.132059 0.157495 0.978650 -1.336300 0.000000 0.000000 0.000000 1.000000
0.984552 0.117358 -0.129939 0.000000 -0.139609 0.974065 -0.178062 7.463500 0.105672 0.193452 0.975402 -1.336300 0.000000 0.000000 0.000000 1.000000
0.982696 0.142447 -0.118398 -0.000000 -0.163825 0.966679 -0.196707 7.463500 0.086432 0.212700 0.973287 -1.336300 0.000000 0.000000 0.000000 1.000000
0.980162 0.161380 -0.115057 -0.000000 -0.183457 0.958423 -0.218560 7.463500 0.075002 0.235333 0.969017 -1.336300 0.000000 0.000000 0.000000 1.000000
0.982796 0.154435 -0.101303 -0.000000 -0.176773 0.945442 -0.273662 7.463500 0.053513 0.286861 0.956476 -1.336300 0.000000 0.000000 0.000000 1.000000
0.985873 0.143562 -0.086281 0.000000 -0.165120 0.919458 -0.356836 7.463500 0.028103 0.366041 0.930174 -1.336300 0.000000 0.000000 0.000000 1.000000
0.986395 0.141306 -0.084013 0.000000 -0.163905 0.884752 -0.436291 7.463500 0.012680 0.444125 0.895875 -1.336300 0.000000 0.000000 0.000000 1.000000
0.985493 0.147647 -0.083693 0.000000 -0.169718 0.857165 -0.486275 7.463500 -0.000058 0.493425 0.869788 -1.336300 0.000000 0.000000 0.000000 1.000000
0.984661 0.145507 -0.096280 0.000000 -0.174276 0.846659 -0.502789 7.463500 0.008357 0.511856 0.859030 -1.336300 0.000000 0.000000 0.000000 1.000000
0.986097 0.119498 -0.115472 -0.000000 -0.162358 0.840892 -0.516275 7.463500 0.035405 0.527845 0.848602 -1.336300 0.000000 0.000000 0.000000 1.000000
0.989406 0.103733 -0.101560 -0.000000 -0.142060 0.835910 -0.530163 7.463500 0.029900 0.538975 0.841791 -1.336300 0.000000 0.000000 0.000000 1.000000
0.992354 0.106685 -0.062070 0.000000 -0.123127 0.820596 -0.558088 7.463500 -0.008605 0.561463 0.827457 -1.336300 0.000000 0.000000 0.000000 1.000000
0.992663 0.109322 -0.051655 0.000000 -0.119040 0.808745 -0.575987 7.463500 -0.021193 0.577910 0.815825 -1.336300 0.000000 0.000000 0.000000 1.000000
0.991569 0.123575 -0.038992 0.000000 -0.123042 0.803507 -0.582441 7.463500 -0.040645 0.582328 0.811937 -1.336300 0.000000 0.000000 0.000000 1.000000
0.989700 0.142199 -0.016515 -0.000000 -0.126802 0.817250 -0.562160 7.463500 -0.066442 0.558464 0.826864 -1.336300 0.000000 0.000000 0.000000 1.000000
0.989608 0.142718 -0.017514 0.000000 -0.131595 0.849851 -0.510330 7.463500 -0.057949 0.507332 0.859800 -1.336300 0.000000 0.000000 0.000000 1.000000
0.990790 0.133562 -0.022297 0.000000 -0.126646 0.855735 -0.501675 7.463500 -0.047924 0.499879 0.864769 -1.336300 0.000000 0.000000 0.000000 1.000000
0.991010 0.132366 -0.019457 0.000000 -0.119654 0.811832 -0.571499 7.463500 -0.059851 0.568690 0.820372 -1.336300 0.000000 0.000000 0.000000 1.000000
0.991627 0.127054 -0.023082 0.000000 -0.111374 0.751014 -0.650825 7.463500 -0.065355 0.647947 0.758876 -1.336300 0.000000 0.000000 0.000000 1.000000
0.991988 0.124546 -0.021161 0.000000 -0.101706 0.687989 -0.718559 7.463500 -0.074935 0.714954 0.695144 -1.336300 0.000000 0.000000 0.000000 1.000000
0.992009 0.123128 -0.027524 0.000000 -0.098626 0.620740 -0.777788 7.463500 -0.078682 0.774288 0.627923 -1.336300 0.000000 0.000000 0.000000 1.000000
0.992062 0.118867 -0.041037 -0.000000 -0.099628 0.543821 -0.833267 7.463500 -0.076731 0.830740 0.551346 -1.336300 0.000000 0.000000 0.000000 1.000000
0.992286 0.115455 -0.045153 0.000000 -0.093122 0.453741 -0.886254 7.463500 -0.081835 0.883623 0.460993 -1.336300 0.000000 0.000000 0.000000 1.000000
0.991455 0.113315 -0.064633 0.000000 -0.100721 0.350068 -0.931294 7.463500 -0.082904 0.929845 0.358489 -1.336300 0.000000 0.000000 0.000000 1.000000
0.991718 0.113636 -0.059854 0.000000 -0.088074 0.262504 -0.960903 7.463500 -0.093481 0.958216 0.270338 -1.336300 0.000000 0.000000 0.000000 1.000000
0.992148 0.109335 -0.060737 -0.000000 -0.078528 0.166579 -0.982896 7.463500 -0.097348 0.979948 0.173857 -1.336300 0.000000 0.000000 0.000000 1.000000
0.993076 0.103937 -0.054754 0.000000 -0.065170 0.099620 -0.992889 7.463500 -0.097743 0.989582 0.105704 -1.336300 0.000000 0.000000 0.000000 1.000000
0.994445 0.089425 -0.055513 0.000000 -0.063123 0.084658 -0.994409 7.463500 -0.084226 0.992389 0.089833 -1.336300 0.000000 0.000000 0.000000 1.000000
0.996662 0.067719 -0.045597 -0.000000 -0.053818 0.125007 -0.990695 7.463500 -0.061389 0.989842 0.128234 -1.336300 0.000000 0.000000 0.000000 1.000000
0.998404 0.051361 -0.023483 -0.000000 -0.032605 0.184711 -0.982252 7.463500 -0.046112 0.981450 0.186090 -1.336300 0.000000 0.000000 0.000000 1.000000
0.999372 0.027647 -0.022164 -0.000000 -0.028485 0.254805 -0.966573 7.463500 -0.021075 0.966597 0.255433 -1.336300 0.000000 0.000000 0.000000 1.000000
0.999631 0.008843 -0.025668 0.000000 -0.027147 0.337332 -0.940994 7.463500 0.000337 0.941344 0.337447 -1.336300 0.000000 0.000000 0.000000 1.000000
0.998841 0.000503 -0.048134 0.000000 -0.044239 0.403760 -0.913795 7.463500 0.018975 0.914865 0.403314 -1.336300 0.000000 0.000000 0.000000 1.000000
0.997584 0.021921 -0.065915 -0.000000 -0.068466 0.470596 -0.879688 7.463500 0.011736 0.882076 0.470960 -1.336300 0.000000 0.000000 0.000000 1.000000
0.997709 0.023963 -0.063259 0.000000 -0.066386 0.526484 -0.847589 7.463500 0.012994 0.849847 0.526869 -1.336300 0.000000 0.000000 0.000000 1.000000
0.997822 0.032764 -0.057250 -0.000000 -0.065612 0.582350 -0.810286 7.463500 0.006792 0.812278 0.583231 -1.336300 0.000000 0.000000 0.000000 1.000000
0.998074 0.025986 -0.056336 0.000000 -0.060275 0.621237 -0.781301 7.463500 0.014695 0.783192 0.621606 -1.336300 0.000000 0.000000 0.000000 1.000000
0.998336 0.025069 -0.051925 0.000000 -0.055696 0.652279 -0.755930 7.463500 0.014919 0.757564 0.652590 -1.336300 0.000000 0.000000 0.000000 1.000000
0.999030 0.022511 -0.037845 -0.000000 -0.042947 0.687867 -0.724565 7.463500 0.009722 0.725488 0.688167 -1.336300 0.000000 0.000000 0.000000 1.000000
0.999403 0.033733 0.007434 0.000000 -0.018566 0.706070 -0.707898 7.463500 -0.029128 0.707338 0.706275 -1.336300 0.000000 0.000000 0.000000 1.000000
0.999320 0.009054 0.035756 0.000000 0.019030 0.703862 -0.710082 7.463500 -0.031597 0.710279 0.703210 -1.336300 0.000000 0.000000 0.000000 1.000000
0.998015 -0.033841 0.053121 0.000000 0.061762 0.691164 -0.720054 7.463500 -0.012348 0.721905 0.691882 -1.336300 0.000000 0.000000 0.000000 1.000000
0.998540 -0.048322 0.024127 0.000000 0.051531 0.718583 -0.693529 7.463500 0.016175 0.693760 0.720024 -1.336300 0.000000 0.000000 0.000000 1.000000
0.997431 -0.063553 -0.033047 0.000000 0.025936 0.750454 -0.660414 7.463500 0.066772 0.657860 0.750175 -1.336300 0.000000 0.000000 0.000000 1.000000
0.993326 -0.100707 -0.056236 0.000000 0.047451 0.801167 -0.596556 7.463500 0.105132 0.589906 0.800598 -1.336300 0.000000 0.000000 0.000000 1.000000
0.989610 -0.116072 -0.084850 0.000000 0.054821 0.850178 -0.523633 7.463500 0.132917 0.513541 0.847708 -1.336300 0.000000 0.000000 0.000000 1.000000
0.988162 -0.101780 -0.114794 0.000000 0.030279 0.862913 -0.504444 7.463500 0.150399 0.494996 0.855780 -1.336300 0.000000 0.000000 0.000000 1.000000
0.990606 -0.072381 -0.116023 -0.000000 0.002763 0.858856 -0.512210 7.463500 0.136722 0.507078 0.850987 -1.336300 0.000000 0.000000 0.000000 1.000000
0.993594 -0.057934 -0.097025 -0.000000 -0.000512 0.856273 -0.516523 7.463500 0.113004 0.513264 0.850758 -1.336300 0.000000 0.000000 0.000000 1.000000
0.997109 -0.022155 -0.072687 0.000000 -0.018070 0.859981 -0.510006 7.463500 0.073809 0.509845 0.857094 -1.336300 0.000000 0.000000 0.000000 1.000000
