<?xml version="1.0" encoding="utf-8"?>
<COLLADA xmlns="http://www.collada.org/2005/11/COLLADASchema" version="1.4.1">
  <asset><contributor><author>Mixamo</author><authoring_tool>COLLADA Mixamo exporter</authoring_tool><comments></comments></contributor><created>2020-12-04T01:46:37Z</created><modified>2020-12-04T01:46:37Z</modified><revision></revision><title></title><unit meter="0.010000"/><up_axis>Y_UP</up_axis></asset>
  <library_animations>
    <animation id="mixamorig_Hips-anim" name="mixamorig_Hips"><source id="mixamorig_Hips-Matrix-animation-input"><float_array id="mixamorig_Hips-Matrix-animation-input-array" count="157">

0.000000 0.033333 0.066667 0.100000 0.133333 0.166667 0.200000 0.233333 0.266667 0.300000 0.333333 0.366667 0.400000 0.433333 0.466667 0.500000
0.533333 0.566667 0.600000 0.633333 0.666667 0.700000 0.733333 0.766667 0.800000 0.833333 0.866667 0.900000 0.933333 0.966667 1.000000 1.033333
1.066667 1.100000 1.133333 1.166667 1.200000 1.233333 1.266667 1.300000 1.333333 1.366667 1.400000 1.433333 1.466667 1.500000 1.533333 1.566667
1.600000 1.633333 1.666667 1.700000 1.733333 1.766667 1.800000 1.833333 1.866667 1.900000 1.933333 1.966667 2.000000 2.033333 2.066667 2.100000
2.133333 2.166667 2.200000 2.233333 2.266667 2.300000 2.333333 2.366667 2.400000 2.433333 2.466667 2.500000 2.533333 2.566667 2.600000 2.633333
2.666667 2.700000 2.733333 2.766667 2.800000 2.833333 2.866667 2.900000 2.933333 2.966667 3.000000 3.033333 3.066667 3.100000 3.133333 3.166667
3.200000 3.233333 3.266667 3.300000 3.333333 3.366667 3.400000 3.433333 3.466667 3.500000 3.533333 3.566667 3.600000 3.633333 3.666667 3.700000
3.733333 3.766667 3.800000 3.833333 3.866667 3.900000 3.933333 3.966667 4.000000 4.033333 4.066667 4.100000 4.133333 4.166667 4.200000 4.233333
4.266667 4.300000 4.333333 4.366667 4.400000 4.433333 4.466667 4.500000 4.533333 4.566667 4.600000 4.633333 4.666667 4.700000 4.733333 4.766667
4.800000 4.833333 4.866667 4.900000 4.933333 4.966667 5.000000 5.033333 5.066667 5.100000 5.133333 5.166667 5.200000</float_array><technique_common><accessor source="#mixamorig_Hips-Matrix-animation-input-array" count="157"><param name="TIME" type="float"/></accessor></technique_common></source><source id="mixamorig_Hips-Matrix-animation-output-transform"><float_array id="mixamorig_Hips-Matrix-animation-output-transform-array" count="2512">

0.986098 -0.158131 0.051041 -10.608650 0.163741 0.977008 -0.136544 95.690529 -0.028276 0.143003 0.989318 -0.840967 0.000000 0.000000 0.000000 1.000000
0.984267 -0.170393 0.046749 -10.364230 0.174911 0.977081 -0.121325 95.850540 -0.025005 0.127593 0.991511 -1.268251 0.000000 0.000000 0.000000 1.000000
0.980757 -0.192941 0.029827 -10.142847 0.195045 0.975011 -0.106349 96.038925 -0.008562 0.110120 0.993881 -1.692532 0.000000 0.000000 0.000000 1.000000
0.975538 -0.219793 -0.004074 -10.066537 0.218272 0.970659 -0.100884 96.274010 0.026128 0.097528 0.994890 -2.012226 0.000000 0.000000 0.000000 1.000000
0.970312 -0.235975 -0.053014 -10.204083 0.229295 0.967267 -0.108708 96.585121 0.076931 0.093324 0.992659 -2.260014 0.000000 0.000000 0.000000 1.000000
0.967345 -0.231123 -0.104045 -10.502836 0.217896 0.968006 -0.124444 96.981499 0.129478 0.097710 0.986756 -2.463262 0.000000 0.000000 0.000000 1.000000
0.968497 -0.207678 -0.137419 -10.818269 0.188634 0.972071 -0.139624 97.424629 0.162578 0.109303 0.980623 -2.496774 0.000000 0.000000 0.000000 1.000000
0.974773 -0.172836 -0.141226 -11.004315 0.150942 0.976580 -0.153326 97.836937 0.164419 0.128141 0.978032 -2.197991 0.000000 0.000000 0.000000 1.000000
0.984127 -0.129953 -0.120860 -10.940160 0.108750 0.979775 -0.167971 98.139038 0.140244 0.152161 0.978355 -1.572278 0.000000 0.000000 0.000000 1.000000
0.992106 -0.084937 -0.092260 -10.596660 0.067218 0.981264 -0.180560 98.300911 0.105868 0.172933 0.979227 -0.802661 0.000000 0.000000 0.000000 1.000000
0.996582 -0.041510 -0.071422 -9.986140 0.027619 0.982255 -0.185503 98.346642 0.077855 0.182897 0.980045 -0.067118 0.000000 0.000000 0.000000 1.000000
0.997666 -0.000260 -0.068280 -9.195421 -0.012053 0.983619 -0.179859 98.377747 0.067208 0.180262 0.981320 0.558055 0.000000 0.000000 0.000000 1.000000
0.995768 0.039333 -0.083055 -8.244384 -0.052452 0.985361 -0.162210 98.425262 0.075459 0.165880 0.983255 1.072010 0.000000 0.000000 0.000000 1.000000
0.991458 0.077563 -0.104854 -7.042765 -0.091353 0.986781 -0.133855 98.415634 0.093085 0.142290 0.985438 1.479350 0.000000 0.000000 0.000000 1.000000
0.986410 0.113366 -0.118926 -5.516995 -0.125717 0.986802 -0.102066 98.297974 0.105786 0.115630 0.987643 1.771144 0.000000 0.000000 0.000000 1.000000
0.982087 0.146274 -0.118781 -3.653987 -0.155634 0.985059 -0.073730 98.026932 0.106222 0.090895 0.990179 1.942616 0.000000 0.000000 0.000000 1.000000
0.978473 0.175065 -0.109286 -1.552607 -0.181347 0.982127 -0.050398 97.550529 0.098509 0.069132 0.992732 1.987823 0.000000 0.000000 0.000000 1.000000
0.975085 0.198605 -0.098819 0.574719 -0.202501 0.978791 -0.031001 96.867355 0.090566 0.050240 0.994622 1.904444 0.000000 0.000000 0.000000 1.000000
0.972138 0.215884 -0.091333 2.515136 -0.218141 0.975796 -0.015376 96.054535 0.085803 0.034871 0.995702 1.715793 0.000000 0.000000 0.000000 1.000000
0.969974 0.227724 -0.085400 4.170286 -0.229081 0.973387 -0.006319 95.256104 0.081688 0.025693 0.996327 1.473027 0.000000 0.000000 0.000000 1.000000
0.968581 0.235992 -0.078482 5.514903 -0.237153 0.971456 -0.005680 94.588234 0.074901 0.024114 0.996899 1.207022 0.000000 0.000000 0.000000 1.000000
0.967947 0.240963 -0.070817 6.518831 -0.242101 0.970220 -0.007816 94.096466 0.066825 0.024711 0.997459 0.910091 0.000000 0.000000 0.000000 1.000000
0.968034 0.241984 -0.065977 7.200044 -0.242707 0.970095 -0.003051 93.787064 0.063265 0.018966 0.997817 0.623622 0.000000 0.000000 0.000000 1.000000
0.968243 0.240227 -0.069259 7.653300 -0.240120 0.970692 0.009999 93.630264 0.069632 0.006949 0.997549 0.482221 0.000000 0.000000 0.000000 1.000000
0.967521 0.239237 -0.081664 7.920086 -0.238168 0.970958 0.022729 93.553810 0.084730 -0.002541 0.996401 0.574546 0.000000 0.000000 0.000000 1.000000
0.965649 0.241830 -0.095084 7.961762 -0.240127 0.970304 0.029141 93.493088 0.099308 -0.005308 0.995043 0.786391 0.000000 0.000000 0.000000 1.000000
0.963840 0.247811 -0.097995 7.819854 -0.245679 0.968774 0.033449 93.480804 0.103224 -0.008165 0.994625 0.872944 0.000000 0.000000 0.000000 1.000000
0.963514 0.253772 -0.085093 7.684017 -0.250961 0.967067 0.042426 93.650627 0.093057 -0.019523 0.995469 0.671569 0.000000 0.000000 0.000000 1.000000
0.965932 0.252429 -0.057057 7.696390 -0.249558 0.966912 0.052941 94.142639 0.068533 -0.036899 0.996966 0.184015 0.000000 0.000000 0.000000 1.000000
0.971576 0.236206 -0.015674 7.753984 -0.235132 0.970588 0.051687 94.987251 0.027422 -0.046533 0.998540 -0.513965 0.000000 0.000000 0.000000 1.000000
0.978607 0.203006 0.033411 7.629896 -0.204072 0.978421 0.032351 96.090942 -0.026122 -0.038477 0.998918 -1.311973 0.000000 0.000000 0.000000 1.000000
0.984422 0.157312 0.078528 7.239554 -0.158460 0.987328 0.008573 97.293968 -0.076184 -0.020883 0.996875 -2.037892 0.000000 0.000000 0.000000 1.000000
0.988549 0.106368 0.107034 6.669549 -0.106822 0.994277 -0.001505 98.439537 -0.106582 -0.009946 0.994254 -2.522135 0.000000 0.000000 0.000000 1.000000
0.992131 0.055676 0.112141 5.965202 -0.056203 0.998418 0.001539 99.381462 -0.111878 -0.007830 0.993691 -2.694091 0.000000 0.000000 0.000000 1.000000
0.995101 0.006724 0.098633 5.110442 -0.007022 0.999972 0.002678 100.018135 -0.098612 -0.003357 0.995120 -2.600870 0.000000 0.000000 0.000000 1.000000
0.995825 -0.041486 0.081309 4.095981 0.042106 0.999096 -0.005928 100.329147 -0.080990 0.009326 0.996671 -2.346539 0.000000 0.000000 0.000000 1.000000
0.993264 -0.087813 0.075600 2.959114 0.089323 0.995860 -0.016835 100.354393 -0.073809 0.023475 0.996996 -2.004037 0.000000 0.000000 0.000000 1.000000
0.987707 -0.129930 0.086905 1.730229 0.132061 0.991056 -0.019204 100.192932 -0.083633 0.030445 0.996031 -1.599516 0.000000 0.000000 0.000000 1.000000
0.980312 -0.164882 0.108642 0.418276 0.167273 0.985822 -0.013210 99.840820 -0.104924 0.031123 0.993993 -1.139209 0.000000 0.000000 0.000000 1.000000
0.972228 -0.193183 0.132111 -1.009057 0.195973 0.980574 -0.008335 99.383789 -0.127935 0.033993 0.991200 -0.617765 0.000000 0.000000 0.000000 1.000000
0.964440 -0.214338 0.154642 -2.499649 0.218349 0.975827 -0.009230 98.841805 -0.148926 0.042668 0.987927 -0.064488 0.000000 0.000000 0.000000 1.000000
0.956793 -0.230693 0.176997 -3.946681 0.236325 0.971610 -0.011130 98.290848 -0.169405 0.052477 0.984148 0.445843 0.000000 0.000000 0.000000 1.000000
0.949408 -0.243864 0.197877 -5.248871 0.250949 0.967936 -0.011162 97.777832 -0.188810 0.060254 0.980163 0.862835 0.000000 0.000000 0.000000 1.000000
0.944144 -0.250916 0.213620 -6.353984 0.259904 0.965524 -0.014608 97.307053 -0.202590 0.069313 0.976808 1.213283 0.000000 0.000000 0.000000 1.000000
0.943529 -0.247829 0.219848 -7.250381 0.259576 0.965379 -0.025782 96.877296 -0.205847 0.081394 0.975193 1.528374 0.000000 0.000000 0.000000 1.000000
0.947658 -0.236118 0.214927 -7.951461 0.250269 0.967316 -0.040797 96.508049 -0.198269 0.092451 0.975778 1.772470 0.000000 0.000000 0.000000 1.000000
0.953739 -0.221451 0.203324 -8.495793 0.236635 0.970132 -0.053368 96.213440 -0.185433 0.099013 0.977656 1.897992 0.000000 0.000000 0.000000 1.000000
0.959142 -0.206893 0.192981 -8.938157 0.222505 0.972904 -0.062838 95.977760 -0.174751 0.103210 0.979188 1.914866 0.000000 0.000000 0.000000 1.000000
0.962926 -0.193473 0.187994 -9.323258 0.210012 0.975025 -0.072265 95.757805 -0.169318 0.109066 0.979508 1.878370 0.000000 0.000000 0.000000 1.000000
0.965509 -0.182095 0.186103 -9.645133 0.199968 0.976356 -0.082109 95.564957 -0.166751 0.116492 0.979093 1.810359 0.000000 0.000000 0.000000 1.000000
0.967738 -0.173158 0.183030 -9.838146 0.191900 0.977272 -0.090075 95.468948 -0.163273 0.122293 0.978972 1.622226 0.000000 0.000000 0.000000 1.000000
0.969967 -0.166984 0.176864 -9.852722 0.185689 0.978006 -0.094996 95.511269 -0.157112 0.124984 0.979640 1.157822 0.000000 0.000000 0.000000 1.000000
0.971892 -0.165994 0.166949 -9.702053 0.183710 0.978196 -0.096870 95.661308 -0.147229 0.124817 0.981195 0.360433 0.000000 0.000000 0.000000 1.000000
0.973137 -0.176207 0.148173 -9.459350 0.191196 0.977062 -0.093778 95.886765 -0.128250 0.119589 0.984505 -0.608527 0.000000 0.000000 0.000000 1.000000
0.972907 -0.203492 0.109744 -9.297671 0.213215 0.973252 -0.085551 96.093628 -0.089399 0.106632 0.990271 -1.462920 0.000000 0.000000 0.000000 1.000000
0.970306 -0.237265 0.047025 -9.377695 0.240400 0.967444 -0.079121 96.238564 -0.026722 0.088077 0.995755 -2.016339 0.000000 0.000000 0.000000 1.000000
0.966975 -0.253487 -0.026528 -9.695634 0.250563 0.964523 -0.083144 96.400513 0.046662 0.073751 0.996184 -2.314420 0.000000 0.000000 0.000000 1.000000
0.966160 -0.242804 -0.087067 -10.113957 0.234279 0.967253 -0.097649 96.598961 0.107926 0.073947 0.991405 -2.463183 0.000000 0.000000 0.000000 1.000000
0.969360 -0.216204 -0.116609 -10.461705 0.203140 0.972451 -0.114334 96.780067 0.138116 0.087143 0.986575 -2.431159 0.000000 0.000000 0.000000 1.000000
0.976844 -0.180966 -0.114132 -10.553391 0.166399 0.977925 -0.126387 97.058350 0.134485 0.104469 0.985393 -2.133979 0.000000 0.000000 0.000000 1.000000
0.986014 -0.138468 -0.092749 -10.344747 0.125441 0.983010 -0.134003 97.423264 0.109728 0.120494 0.986631 -1.636159 0.000000 0.000000 0.000000 1.000000
0.993622 -0.090455 -0.067332 -9.857683 0.080280 0.986758 -0.140940 97.838417 0.079189 0.134635 0.987726 -1.076725 0.000000 0.000000 0.000000 1.000000
0.998075 -0.041433 -0.046143 -9.095784 0.034177 0.988363 -0.148221 98.227127 0.051747 0.146359 0.987877 -0.521857 0.000000 0.000000 0.000000 1.000000
0.999517 0.004594 -0.030733 -8.060551 -0.009229 0.988277 -0.152392 98.511978 0.029673 0.152602 0.987842 0.021933 0.000000 0.000000 0.000000 1.000000
0.998823 0.044969 -0.018187 -6.764838 -0.047181 0.987724 -0.148911 98.637451 0.011268 0.149594 0.988683 0.508770 0.000000 0.000000 0.000000 1.000000
0.996900 0.078586 -0.003722 -5.216074 -0.078357 0.987518 -0.136633 98.589859 -0.007062 0.136501 0.990615 0.866474 0.000000 0.000000 0.000000 1.000000
0.994212 0.106683 0.012710 -3.441913 -0.104415 0.987320 -0.119571 98.397003 -0.025305 0.117552 0.992744 1.091911 0.000000 0.000000 0.000000 1.000000
0.990915 0.132319 0.024081 -1.508621 -0.129244 0.986388 -0.101657 98.058769 -0.037204 0.097621 0.994528 1.258475 0.000000 0.000000 0.000000 1.000000
0.987420 0.156171 0.024763 0.475805 -0.153682 0.984703 -0.082112 97.608948 -0.037208 0.077273 0.996315 1.413450 0.000000 0.000000 0.000000 1.000000
0.984124 0.176641 0.017240 2.381149 -0.175326 0.982670 -0.060172 97.087662 -0.027570 0.056194 0.998039 1.523525 0.000000 0.000000 0.000000 1.000000
0.981483 0.191315 0.009477 4.085466 -0.190797 0.980812 -0.040049 96.559631 -0.016958 0.037499 0.999153 1.552975 0.000000 0.000000 0.000000 1.000000
0.979690 0.200377 0.007569 5.527883 -0.200096 0.979374 -0.028093 96.047699 -0.013042 0.026008 0.999577 1.504397 0.000000 0.000000 0.000000 1.000000
0.978115 0.207764 0.011216 6.702674 -0.207424 0.977909 -0.025869 95.517830 -0.016342 0.022976 0.999602 1.389905 0.000000 0.000000 0.000000 1.000000
0.975946 0.217456 0.015574 7.607350 -0.216967 0.975772 -0.028195 94.996262 -0.021328 0.024138 0.999481 1.220018 0.000000 0.000000 0.000000 1.000000
0.973560 0.227912 0.015423 8.237101 -0.227459 0.973425 -0.026579 94.631348 -0.021071 0.022368 0.999528 1.037537 0.000000 0.000000 0.000000 1.000000
0.972037 0.234714 0.007352 8.661054 -0.234578 0.971969 -0.015808 94.506706 -0.010856 0.013641 0.999848 0.910535 0.000000 0.000000 0.000000 1.000000
0.971606 0.236444 -0.008745 8.965208 -0.236452 0.971643 0.000157 94.550568 0.008534 0.001915 0.999962 0.873742 0.000000 0.000000 0.000000 1.000000
0.970940 0.237730 -0.027553 9.133412 -0.237489 0.971319 0.011754 94.597046 0.029558 -0.004869 0.999551 0.864868 0.000000 0.000000 0.000000 1.000000
0.969440 0.242097 -0.039689 9.084506 -0.241681 0.970239 0.015027 94.565826 0.042146 -0.004975 0.999099 0.775623 0.000000 0.000000 0.000000 1.000000
0.968257 0.247136 -0.037443 8.839661 -0.246793 0.968973 0.013587 94.534615 0.039639 -0.003915 0.999206 0.567141 0.000000 0.000000 0.000000 1.000000
0.968752 0.247349 -0.018363 8.555067 -0.247199 0.968912 0.010070 94.661026 0.020283 -0.005216 0.999781 0.290199 0.000000 0.000000 0.000000 1.000000
0.970895 0.238989 0.015719 8.326367 -0.239058 0.971002 0.002610 95.042336 -0.014640 -0.006292 0.999873 -0.023581 0.000000 0.000000 0.000000 1.000000
0.973482 0.221092 0.058753 8.010610 -0.220941 0.975244 -0.009129 95.687675 -0.059317 -0.004094 0.998231 -0.422833 0.000000 0.000000 0.000000 1.000000
0.976360 0.191931 0.099413 7.377152 -0.191155 0.981406 -0.017365 96.555138 -0.100897 -0.002049 0.994895 -0.968702 0.000000 0.000000 0.000000 1.000000
0.981249 0.146856 0.124831 6.383537 -0.146853 0.989115 -0.009279 97.556046 -0.124835 -0.009227 0.992135 -1.632745 0.000000 0.000000 0.000000 1.000000
0.988133 0.087588 0.126180 5.190785 -0.090571 0.995726 0.018086 98.509865 -0.124056 -0.029299 0.991843 -2.278623 0.000000 0.000000 0.000000 1.000000
0.994319 0.027253 0.102889 3.964372 -0.032450 0.998263 0.049177 99.235336 -0.101370 -0.052236 0.993476 -2.732283 0.000000 0.000000 0.000000 1.000000
0.997609 -0.022680 0.065288 2.666199 0.018523 0.997804 0.063596 99.688721 -0.066587 -0.062235 0.995838 -2.890134 0.000000 0.000000 0.000000 1.000000
0.997655 -0.061286 0.030486 1.239856 0.059527 0.996677 0.055595 99.910545 -0.033792 -0.053650 0.997988 -2.775526 0.000000 0.000000 0.000000 1.000000
0.995418 -0.094898 0.011735 -0.325922 0.094423 0.994883 0.035958 99.914658 -0.015087 -0.034685 0.999284 -2.485616 0.000000 0.000000 0.000000 1.000000
0.991846 -0.126887 0.011911 -1.989748 0.126661 0.991781 0.018103 99.726349 -0.014110 -0.016447 0.999765 -2.113901 0.000000 0.000000 0.000000 1.000000
0.987638 -0.154509 0.026420 -3.676782 0.154363 0.987986 0.007510 99.358185 -0.027263 -0.003339 0.999623 -1.718178 0.000000 0.000000 0.000000 1.000000
0.983332 -0.175142 0.048814 -5.314841 0.175258 0.984521 0.001935 98.845734 -0.048397 0.006652 0.998806 -1.313794 0.000000 0.000000 0.000000 1.000000
0.978967 -0.190416 0.073249 -6.847162 0.191149 0.981556 -0.003072 98.306229 -0.071313 0.017009 0.997309 -0.889665 0.000000 0.000000 0.000000 1.000000
0.975046 -0.200285 0.095768 -8.198460 0.202215 0.979282 -0.010788 97.802780 -0.091623 0.029885 0.995345 -0.446183 0.000000 0.000000 0.000000 1.000000
0.972352 -0.203442 0.114639 -9.318046 0.207378 0.977981 -0.023393 97.364227 -0.107356 0.046520 0.993132 -0.004212 0.000000 0.000000 0.000000 1.000000
0.971199 -0.200317 0.129021 -10.215728 0.207029 0.977485 -0.040763 96.984322 -0.117951 0.066300 0.990804 0.406137 0.000000 0.000000 0.000000 1.000000
0.971098 -0.194306 0.138615 -10.947120 0.203926 0.977218 -0.058821 96.642677 -0.124028 0.085388 0.988598 0.754981 0.000000 0.000000 0.000000 1.000000
0.971337 -0.189135 0.143990 -11.562027 0.200995 0.976890 -0.072710 96.323936 -0.126910 0.099567 0.986904 1.018990 0.000000 0.000000 0.000000 1.000000
0.971906 -0.184567 0.146058 -12.060110 0.197727 0.976881 -0.081281 96.062317 -0.127679 0.107877 0.985931 1.203024 0.000000 0.000000 0.000000 1.000000
0.973128 -0.178366 0.145630 -12.423271 0.192160 0.977518 -0.086794 95.892609 -0.126875 0.112445 0.985525 1.341688 0.000000 0.000000 0.000000 1.000000
0.974709 -0.171256 0.143577 -12.652247 0.185437 0.978347 -0.091931 95.770607 -0.124724 0.116230 0.985360 1.453167 0.000000 0.000000 0.000000 1.000000
0.976428 -0.164394 0.139867 -12.740609 0.178842 0.979001 -0.097842 95.687256 -0.120845 0.120549 0.985324 1.497653 0.000000 0.000000 0.000000 1.000000
0.978343 -0.158703 0.132884 -12.698105 0.172858 0.979573 -0.102742 95.658371 -0.113864 0.123487 0.985792 1.377204 0.000000 0.000000 0.000000 1.000000
0.980374 -0.155134 0.121654 -12.541694 0.167792 0.980554 -0.101780 95.701729 -0.103499 0.120195 0.987340 1.011028 0.000000 0.000000 0.000000 1.000000
0.982090 -0.155152 0.106895 -12.276321 0.165075 0.982054 -0.091217 95.843887 -0.090824 0.107229 0.990077 0.404616 0.000000 0.000000 0.000000 1.000000
0.982844 -0.162348 0.087526 -11.943968 0.169039 0.982724 -0.075360 96.058304 -0.073779 0.088863 0.993308 -0.341864 0.000000 0.000000 0.000000 1.000000
0.982679 -0.176151 0.057562 -11.616014 0.179853 0.981403 -0.067098 96.371902 -0.044672 0.076288 0.996085 -1.060004 0.000000 0.000000 0.000000 1.000000
0.981739 -0.189766 0.013306 -11.380671 0.190227 0.978782 -0.076158 96.823395 0.001429 0.077299 0.997007 -1.614664 0.000000 0.000000 0.000000 1.000000
0.980393 -0.193843 -0.035407 -11.253771 0.189572 0.976868 -0.098954 97.395782 0.053769 0.090301 0.994462 -1.949839 0.000000 0.000000 0.000000 1.000000
0.980482 -0.184652 -0.067526 -11.143035 0.175319 0.976568 -0.124816 98.072952 0.088991 0.110541 0.989879 -2.034481 0.000000 0.000000 0.000000 1.000000
0.984515 -0.161447 -0.068304 -10.869468 0.150182 0.977758 -0.146406 98.706917 0.090422 0.133880 0.986864 -1.838298 0.000000 0.000000 0.000000 1.000000
0.991015 -0.126877 -0.042336 -10.345873 0.118577 0.979838 -0.160799 99.187851 0.061884 0.154334 0.986079 -1.390804 0.000000 0.000000 0.000000 1.000000
0.996217 -0.086577 -0.007544 -9.625237 0.084127 0.982500 -0.166180 99.430222 0.021799 0.164916 0.986067 -0.801663 0.000000 0.000000 0.000000 1.000000
0.998770 -0.045206 0.020369 -8.769112 0.047936 0.985357 -0.163627 99.465942 -0.012674 0.164402 0.986312 -0.152239 0.000000 0.000000 0.000000 1.000000
0.999383 -0.005320 0.034706 -7.786096 0.010725 0.987466 -0.157465 99.358139 -0.033433 0.157741 0.986914 0.541715 0.000000 0.000000 0.000000 1.000000
0.998854 0.032000 0.035600 -6.660835 -0.026339 0.988419 -0.149449 99.176941 -0.039970 0.148340 0.988128 1.281124 0.000000 0.000000 0.000000 1.000000
0.997445 0.065483 0.028543 -5.359776 -0.060955 0.988571 -0.137884 98.978294 -0.037246 0.135792 0.990037 2.038266 0.000000 0.000000 0.000000 1.000000
0.995207 0.094792 0.024029 -3.809321 -0.091125 0.988108 -0.123850 98.770813 -0.035483 0.121067 0.992010 2.750161 0.000000 0.000000 0.000000 1.000000
0.992193 0.120888 0.030654 -1.954841 -0.116822 0.986942 -0.110900 98.521866 -0.043661 0.106453 0.993359 3.360135 0.000000 0.000000 0.000000 1.000000
0.988473 0.145258 0.042684 0.110973 -0.140505 0.985145 -0.098734 98.115631 -0.056392 0.091599 0.994198 3.692784 0.000000 0.000000 0.000000 1.000000
0.984264 0.173174 0.035145 2.099707 -0.169990 0.982253 -0.079265 97.233101 -0.048248 0.072044 0.996234 2.669966 0.000000 0.000000 0.000000 1.000000
0.979325 0.201239 0.020618 3.960471 -0.199756 0.978100 -0.058471 96.251274 -0.031933 0.053144 0.998076 1.179049 0.000000 0.000000 0.000000 1.000000
0.974453 0.224396 0.009338 5.633165 -0.223821 0.973714 -0.042242 95.441673 -0.018572 0.039073 0.999064 -0.125870 0.000000 0.000000 0.000000 1.000000
0.972332 0.233297 0.011987 6.832946 -0.232676 0.971762 -0.039243 95.177467 -0.020804 0.035368 0.999158 -0.531615 0.000000 0.000000 0.000000 1.000000
0.971118 0.238228 0.013298 7.596722 -0.237633 0.970694 -0.035838 95.091286 -0.021446 0.031643 0.999269 -0.888237 0.000000 0.000000 0.000000 1.000000
0.970114 0.242364 0.011797 8.112944 -0.242002 0.969929 -0.025954 95.041611 -0.017732 0.022323 0.999594 -1.242565 0.000000 0.000000 0.000000 1.000000
0.968983 0.247046 0.006306 8.502422 -0.246964 0.968956 -0.011534 94.938828 -0.008959 0.009619 0.999914 -1.495165 0.000000 0.000000 0.000000 1.000000
0.967316 0.253457 -0.007648 8.789152 -0.253435 0.967345 0.003704 94.789230 0.008337 -0.001644 0.999964 -1.585122 0.000000 0.000000 0.000000 1.000000
0.964909 0.260791 -0.030653 8.974542 -0.260354 0.965354 0.017541 94.649063 0.034165 -0.008945 0.999376 -1.535343 0.000000 0.000000 0.000000 1.000000
0.962371 0.266445 -0.053388 9.066498 -0.265313 0.963773 0.027394 94.562698 0.058753 -0.012198 0.998198 -1.446586 0.000000 0.000000 0.000000 1.000000
0.961340 0.268298 -0.061984 9.090604 -0.266906 0.963259 0.029897 94.577896 0.067728 -0.012198 0.997629 -1.436098 0.000000 0.000000 0.000000 1.000000
0.963008 0.265226 -0.047646 9.119747 -0.264384 0.964136 0.023286 94.752739 0.052113 -0.009828 0.998593 -1.584490 0.000000 0.000000 0.000000 1.000000
0.966779 0.255381 -0.010907 9.211748 -0.255290 0.966822 0.009105 95.125679 0.012870 -0.006018 0.999899 -1.930342 0.000000 0.000000 0.000000 1.000000
0.970931 0.236129 0.039191 9.282405 -0.235977 0.971721 -0.008527 95.718025 -0.040096 -0.000969 0.999195 -2.472733 0.000000 0.000000 0.000000 1.000000
0.974445 0.205984 0.089593 9.133971 -0.204763 0.978548 -0.022713 96.539177 -0.092349 0.003787 0.995719 -3.153728 0.000000 0.000000 0.000000 1.000000
0.978002 0.164275 0.128553 8.647738 -0.162540 0.986411 -0.023948 97.521263 -0.130741 0.002526 0.991413 -3.854895 0.000000 0.000000 0.000000 1.000000
0.982745 0.113711 0.145885 7.871058 -0.113766 0.993475 -0.007995 98.474884 -0.145842 -0.008740 0.989269 -4.420758 0.000000 0.000000 0.000000 1.000000
0.988766 0.061571 0.136202 6.906838 -0.064297 0.997807 0.015700 99.202263 -0.134937 -0.024281 0.990557 -4.731446 0.000000 0.000000 0.000000 1.000000
0.994127 0.014300 0.107275 5.792513 -0.017613 0.999395 0.030000 99.642952 -0.106781 -0.031713 0.993777 -4.785579 0.000000 0.000000 0.000000 1.000000
0.996658 -0.026405 0.077302 4.530909 0.024408 0.999346 0.026669 99.806282 -0.077956 -0.024693 0.996651 -4.660303 0.000000 0.000000 0.000000 1.000000
0.996158 -0.062568 0.061276 3.120655 0.061891 0.998000 0.012887 99.718468 -0.061960 -0.009045 0.998038 -4.416182 0.000000 0.000000 0.000000 1.000000
0.993431 -0.095300 0.063339 1.544388 0.095483 0.995431 0.000130 99.407768 -0.063062 0.005919 0.997992 -4.082088 0.000000 0.000000 0.000000 1.000000
0.989061 -0.125261 0.077896 -0.225016 0.126224 0.991973 -0.007543 98.926369 -0.076326 0.017293 0.996933 -3.673545 0.000000 0.000000 0.000000 1.000000
0.983707 -0.152842 0.094655 -2.120018 0.154811 0.987848 -0.013775 98.334244 -0.091399 0.028204 0.995415 -3.201563 0.000000 0.000000 0.000000 1.000000
0.978677 -0.176088 0.105755 -3.973173 0.179442 0.983499 -0.023014 97.708885 -0.099958 0.041500 0.994126 -2.701941 0.000000 0.000000 0.000000 1.000000
0.975388 -0.190828 0.110463 -5.598658 0.195920 0.979916 -0.037139 97.152275 -0.101158 0.057867 0.993186 -2.237899 0.000000 0.000000 0.000000 1.000000
0.974898 -0.192948 0.111104 -6.891421 0.200086 0.978116 -0.057051 96.739677 -0.097665 0.077850 0.992170 -1.843127 0.000000 0.000000 0.000000 1.000000
0.977190 -0.183490 0.106920 -7.889455 0.192552 0.977886 -0.081621 96.469879 -0.089579 0.100347 0.990912 -1.493795 0.000000 0.000000 0.000000 1.000000
0.980720 -0.170230 0.095968 -8.709121 0.180065 0.977999 -0.105331 96.267891 -0.075926 0.120581 0.989796 -1.167567 0.000000 0.000000 0.000000 1.000000
0.983806 -0.160228 0.080326 -9.406220 0.169274 0.977923 -0.122527 96.088547 -0.058921 0.134140 0.989209 -0.884052 0.000000 0.000000 0.000000 1.000000
0.985826 -0.154537 0.065311 -9.963298 0.162073 0.977814 -0.132711 95.923485 -0.043354 0.141415 0.989001 -0.679629 0.000000 0.000000 0.000000 1.000000
0.986971 -0.151333 0.054644 -10.373962 0.157597 0.977694 -0.138844 95.767769 -0.032413 0.145647 0.988806 -0.561436 0.000000 0.000000 0.000000 1.000000
0.987502 -0.149927 0.048605 -10.652975 0.155439 0.977432 -0.143055 95.638931 -0.026061 0.148822 0.988521 -0.497332 0.000000 0.000000 0.000000 1.000000
0.987506 -0.150445 0.046879 -10.792404 0.155759 0.976996 -0.145661 95.573532 -0.023887 0.151143 0.988223 -0.474596 0.000000 0.000000 0.000000 1.000000
0.987048 -0.152773 0.048947 -10.772072 0.158350 0.976721 -0.144711 95.591675 -0.025700 0.150588 0.988263 -0.562198 0.000000 0.000000 0.000000 1.000000
0.986098 -0.158131 0.051041 -10.608646 0.163741 0.977008 -0.136544 95.690514 -0.028276 0.143003 0.989318 -0.840972 0.000000 0.000000 0.000000 1.000000</float_array><technique_common><accessor source="#mixamorig_Hips-Matrix-animation-output-transform-array" count="157" stride="16"><param type="float4x4"/></accessor></technique_common></source><source id="mixamorig_Hips-Interpolations"><Name_array id="mixamorig_Hips-Interpolations-array" count="157">
 LINEAR LINEAR LINEAR LINEAR LINEAR LINEAR LINEAR LINEAR LINEAR LINEAR LINEAR
LINEAR LINEAR LINEAR LINEAR LINEAR LINEAR LINEAR LINEAR LINEAR LINEAR LINEAR LINEAR
LINEAR LINEAR LINEAR LINEAR LINEAR LINEAR LINEAR LINEAR LINEAR LINEAR LINEAR LINEAR
LINEAR LINEAR LINEAR LINEAR LINEAR LINEAR LINEAR LINEAR LINEAR LINEAR LINEAR LINEAR
LINEAR LINEAR LINEAR LINEAR LINEAR LINEAR LINEAR LINEAR LINEAR LINEAR LINEAR LINEAR
LINEAR LINEAR LINEAR LINEAR LINEAR LINEAR LINEAR LINEAR LINEAR LINEAR LINEAR LINEAR
LINEAR LINEAR LINEAR LINEAR LINEAR LINEAR LINEAR LINEAR LINEAR LINEAR LINEAR LINEAR
LINEAR LINEAR LINEAR LINEAR LINEAR LINEAR LINEAR LINEAR LINEAR LINEAR LINEAR LINEAR
LINEAR LINEAR LINEAR LINEAR LINEAR LINEAR LINEAR LINEAR LINEAR LINEAR LINEAR LINEAR
LINEAR LINEAR LINEAR LINEAR LINEAR LINEAR LINEAR LINEAR LINEAR LINEAR LINEAR LINEAR
LINEAR LINEAR LINEAR LINEAR LINEAR LINEAR LINEAR LINEAR LINEAR LINEAR LINEAR LINEAR
LINEAR LINEAR LINEAR LINEAR LINEAR LINEAR LINEAR LINEAR LINEAR LINEAR LINEAR LINEAR
LINEAR LINEAR LINEAR LINEAR LINEAR LINEAR LINEAR LINEAR LINEAR LINEAR LINEAR LINEAR
LINEAR LINEAR</Name_array><technique_common><accessor source="#mixamorig_Hips-Interpolations-array" count="157"><param type="name"/></accessor></technique_common></source><sampler id="mixamorig_Hips-Matrix-animation-transform"><input semantic="INPUT" source="#mixamorig_Hips-Matrix-animation-input"/><input semantic="OUTPUT" source="#mixamorig_Hips-Matrix-animation-output-transform"/><input semantic="INTERPOLATION" source="#mixamorig_Hips-Interpolations"/></sampler><channel source="#mixamorig_Hips-Matrix-animation-transform" target="mixamorig_Hips/matrix"/></animation>
    <animation id="mixamorig_Spine-anim" name="mixamorig_Spine"><source id="mixamorig_Spine-Matrix-animation-input"><float_array id="mixamorig_Spine-Matrix-animation-input-array" count="157">

0.000000 0.033333 0.066667 0.100000 0.133333 0.166667 0.200000 0.233333 0.266667 0.300000 0.333333 0.366667 0.400000 0.433333 0.466667 0.500000
0.533333 0.566667 0.600000 0.633333 0.666667 0.700000 0.733333 0.766667 0.800000 0.833333 0.866667 0.900000 0.933333 0.966667 1.000000 1.033333
1.066667 1.100000 1.133333 1.166667 1.200000 1.233333 1.266667 1.300000 1.333333 1.366667 1.400000 1.433333 1.466667 1.500000 1.533333 1.566667
1.600000 1.633333 1.666667 1.700000 1.733333 1.766667 1.800000 1.833333 1.866667 1.900000 1.933333 1.966667 2.000000 2.033333 2.066667 2.100000
2.133333 2.166667 2.200000 2.233333 2.266667 2.300000 2.333333 2.366667 2.400000 2.433333 2.466667 2.500000 2.533333 2.566667 2.600000 2.633333
2.666667 2.700000 2.733333 2.766667 2.800000 2.833333 2.866667 2.900000 2.933333 2.966667 3.000000 3.033333 3.066667 3.100000 3.133333 3.166667
3.200000 3.233333 3.266667 3.300000 3.333333 3.366667 3.400000 3.433333 3.466667 3.500000 3.533333 3.566667 3.600000 3.633333 3.666667 3.700000
3.733333 3.766667 3.800000 3.833333 3.866667 3.900000 3.933333 3.966667 4.000000 4.033333 4.066667 4.100000 4.133333 4.166667 4.200000 4.233333
4.266667 4.300000 4.333333 4.366667 4.400000 4.433333 4.466667 4.500000 4.533333 4.566667 4.600000 4.633333 4.666667 4.700000 4.733333 4.766667
4.800000 4.833333 4.866667 4.900000 4.933333 4.966667 5.000000 5.033333 5.066667 5.100000 5.133333 5.166667 5.200000</float_array><technique_common><accessor source="#mixamorig_Spine-Matrix-animation-input-array" count="157"><param name="TIME" type="float"/></accessor></technique_common></source><source id="mixamorig_Spine-Matrix-animation-output-transform"><float_array id="mixamorig_Spine-Matrix-animation-output-transform-array" count="2512">

0.999468 0.032365 -0.004009 -0.000000 -0.030741 0.976008 0.215554 7.463500 0.010889 -0.215316 0.976484 -1.336300 0.000000 0.000000 0.000000 1.000000
0.999439 0.033338 -0.003183 0.000000 -0.031982 0.978334 0.204545 7.463500 0.009934 -0.204329 0.978852 -1.336300 0.000000 0.000000 0.000000 1.000000
0.999276 0.038034 -0.000507 0.000000 -0.037240 0.980975 0.190530 7.463500 0.007744 -0.190373 0.981681 -1.336300 0.000000 0.000000 0.000000 1.000000
0.998928 0.046156 0.003563 0.000000 -0.046052 0.982936 0.178090 7.463500 0.004718 -0.178064 0.984008 -1.336300 0.000000 0.000000 0.000000 1.000000
0.998359 0.056228 0.010852 0.000000 -0.057254 0.983849 0.169598 7.463500 -0.001140 -0.169941 0.985454 -1.336300 0.000000 0.000000 0.000000 1.000000
0.997492 0.066892 0.023149 0.000000 -0.069792 0.983996 0.163954 7.463500 -0.011811 -0.165159 0.986196 -1.336300 0.000000 0.000000 0.000000 1.000000
0.996237 0.077857 0.038093 0.000000 -0.083014 0.983456 0.161007 7.463500 -0.024927 -0.163564 0.986218 -1.336300 0.000000 0.000000 0.000000 1.000000
0.994886 0.087977 0.049621 0.000000 -0.094989 0.981958 0.163508 7.463500 -0.034341 -0.167385 0.985293 -1.336300 0.000000 0.000000 0.000000 1.000000
0.994326 0.093128 0.051416 0.000000 -0.100694 0.979839 0.172558 7.463500 -0.034309 -0.176756 0.983657 -1.336300 0.000000 0.000000 0.000000 1.000000
0.994803 0.092881 0.041714 0.000000 -0.099041 0.977762 0.184858 7.463500 -0.023617 -0.188028 0.981880 -1.336300 0.000000 0.000000 0.000000 1.000000
0.995907 0.086864 0.024985 0.000000 -0.090085 0.976454 0.196018 7.463500 -0.007370 -0.197466 0.980282 -1.336300 0.000000 0.000000 0.000000 1.000000
0.996912 0.078025 0.008913 0.000000 -0.078204 0.975952 0.203475 7.463500 0.007178 -0.203544 0.979040 -1.336300 0.000000 0.000000 0.000000 1.000000
0.997556 0.069864 -0.000867 0.000000 -0.068184 0.976133 0.206191 7.463500 0.015252 -0.205628 0.978511 -1.336300 0.000000 0.000000 0.000000 1.000000
0.998094 0.061563 -0.004184 0.000000 -0.059399 0.976949 0.205044 7.463500 0.016711 -0.204405 0.978744 -1.336300 0.000000 0.000000 0.000000 1.000000
0.998612 0.052461 -0.004622 0.000000 -0.050442 0.978015 0.202340 7.463500 0.015136 -0.201826 0.979304 -1.336300 0.000000 0.000000 0.000000 1.000000
0.999162 0.040542 -0.005620 0.000000 -0.038611 0.979180 0.199286 7.463500 0.013583 -0.198902 0.979925 -1.336300 0.000000 0.000000 0.000000 1.000000
0.999602 0.027209 -0.007406 0.000000 -0.025230 0.980267 0.196062 7.463500 0.012594 -0.195797 0.980564 -1.336300 0.000000 0.000000 0.000000 1.000000
0.999839 0.015730 -0.008671 -0.000000 -0.013759 0.981057 0.193233 7.463500 0.011546 -0.193082 0.981115 -1.336300 0.000000 0.000000 0.000000 1.000000
0.999929 0.007979 -0.008843 0.000000 -0.006135 0.981409 0.191829 7.463500 0.010209 -0.191761 0.981388 -1.336300 0.000000 0.000000 0.000000 1.000000
0.999955 0.003303 -0.008929 -0.000000 -0.001520 0.981242 0.192774 7.463500 0.009398 -0.192752 0.981202 -1.336300 0.000000 0.000000 0.000000 1.000000
0.999948 0.001806 -0.010007 0.000000 0.000185 0.980715 0.195444 7.463500 0.010167 -0.195435 0.980664 -1.336300 0.000000 0.000000 0.000000 1.000000
0.999928 0.005264 -0.010825 0.000000 -0.003024 0.980328 0.197352 7.463500 0.011651 -0.197305 0.980273 -1.336300 0.000000 0.000000 0.000000 1.000000
0.999879 0.012918 -0.008705 0.000000 -0.010953 0.980380 0.196813 7.463500 0.011076 -0.196694 0.980402 -1.336300 0.000000 0.000000 0.000000 1.000000
0.999750 0.022292 -0.001934 0.000000 -0.021485 0.980495 0.195365 7.463500 0.006251 -0.195274 0.980729 -1.336300 0.000000 0.000000 0.000000 1.000000
0.999441 0.032411 0.008192 -0.000000 -0.033387 0.980195 0.195203 7.463500 -0.001704 -0.195367 0.980729 -1.336300 0.000000 0.000000 0.000000 1.000000
0.998978 0.041748 0.017340 -0.000000 -0.044330 0.979822 0.194893 7.463500 -0.008854 -0.195462 0.980671 -1.336300 0.000000 0.000000 0.000000 1.000000
0.998634 0.047164 0.022468 0.000000 -0.050585 0.980431 0.190251 7.463500 -0.013056 -0.191128 0.981478 -1.336300 0.000000 0.000000 0.000000 1.000000
0.998702 0.045095 0.023684 0.000000 -0.048615 0.982654 0.178963 7.463500 -0.015203 -0.179883 0.983571 -1.336300 0.000000 0.000000 0.000000 1.000000
0.999165 0.035000 0.021101 0.000000 -0.037985 0.985812 0.163501 7.463500 -0.015079 -0.164166 0.986317 -1.336300 0.000000 0.000000 0.000000 1.000000
0.999686 0.021095 0.013497 -0.000000 -0.022876 0.988504 0.149454 7.463500 -0.010189 -0.149716 0.988677 -1.336300 0.000000 0.000000 0.000000 1.000000
0.999957 0.009170 0.001470 -0.000000 -0.009285 0.990083 0.140180 7.463500 -0.000170 -0.140187 0.990125 -1.336300 0.000000 0.000000 0.000000 1.000000
0.999927 0.001880 -0.011937 0.000000 -0.000260 0.990943 0.134280 7.463500 0.012081 -0.134267 0.990872 -1.336300 0.000000 0.000000 0.000000 1.000000
0.999732 -0.000883 -0.023145 0.000000 0.003879 0.991543 0.129717 7.463500 0.022835 -0.129772 0.991281 -1.336300 0.000000 0.000000 0.000000 1.000000
0.999591 0.001370 -0.028556 -0.000000 0.002282 0.991844 0.127436 7.463500 0.028498 -0.127449 0.991436 -1.336300 0.000000 0.000000 0.000000 1.000000
0.999616 0.008407 -0.026392 0.000000 -0.004933 0.991628 0.129035 7.463500 0.027256 -0.128856 0.991289 -1.336300 0.000000 0.000000 0.000000 1.000000
0.999654 0.018201 -0.018981 0.000000 -0.015516 0.990979 0.133119 7.463500 0.021233 -0.132778 0.990918 -1.336300 0.000000 0.000000 0.000000 1.000000
0.999568 0.026968 -0.011666 -0.000000 -0.025127 0.990334 0.136411 7.463500 0.015232 -0.136059 0.990584 -1.336300 0.000000 0.000000 0.000000 1.000000
0.999393 0.034035 -0.007472 0.000000 -0.032681 0.989908 0.137894 7.463500 0.012090 -0.137567 0.990419 -1.336300 0.000000 0.000000 0.000000 1.000000
0.999162 0.040629 -0.004870 0.000000 -0.039544 0.989302 0.140421 7.463500 0.010523 -0.140111 0.990080 -1.336300 0.000000 0.000000 0.000000 1.000000
0.998702 0.050930 -0.000550 0.000000 -0.050295 0.987845 0.147082 7.463500 0.008034 -0.146863 0.989124 -1.336300 0.000000 0.000000 0.000000 1.000000
0.998018 0.062737 0.004852 0.000000 -0.062720 0.985602 0.157020 7.463500 0.005068 -0.157014 0.987583 -1.336300 0.000000 0.000000 0.000000 1.000000
0.997355 0.072275 0.007651 0.000000 -0.072540 0.983394 0.166355 7.463500 0.004499 -0.166470 0.986036 -1.336300 0.000000 0.000000 0.000000 1.000000
0.996928 0.078089 0.006082 -0.000000 -0.077960 0.981789 0.173241 7.463500 0.007557 -0.173183 0.984861 -1.336300 0.000000 0.000000 0.000000 1.000000
0.996734 0.080732 0.002032 0.000000 -0.079787 0.980540 0.179372 7.463500 0.012489 -0.178949 0.983779 -1.336300 0.000000 0.000000 0.000000 1.000000
0.996762 0.080401 -0.001458 0.000000 -0.078722 0.979329 0.186326 7.463500 0.016408 -0.185608 0.982487 -1.336300 0.000000 0.000000 0.000000 1.000000
0.997004 0.077295 -0.002885 0.000000 -0.075282 0.978255 0.193261 7.463500 0.017760 -0.192465 0.981143 -1.336300 0.000000 0.000000 0.000000 1.000000
0.997359 0.072577 -0.002722 -0.000000 -0.070592 0.977522 0.198666 7.463500 0.017079 -0.197949 0.980063 -1.336300 0.000000 0.000000 0.000000 1.000000
0.997741 0.067128 -0.002556 0.000000 -0.065215 0.977032 0.202869 7.463500 0.016115 -0.202245 0.979202 -1.336300 0.000000 0.000000 0.000000 1.000000
0.998030 0.062650 -0.003441 0.000000 -0.060582 0.976461 0.207012 7.463500 0.016330 -0.206396 0.978332 -1.336300 0.000000 0.000000 0.000000 1.000000
0.998214 0.059468 -0.005680 -0.000000 -0.056938 0.975881 0.210745 7.463500 0.018076 -0.210046 0.977524 -1.336300 0.000000 0.000000 0.000000 1.000000
0.998397 0.055880 -0.008956 0.000000 -0.052711 0.975794 0.212243 7.463500 0.020599 -0.211430 0.977176 -1.336300 0.000000 0.000000 0.000000 1.000000
0.998620 0.051009 -0.012478 -0.000000 -0.047260 0.976582 0.209892 7.463500 0.022892 -0.209013 0.977645 -1.336300 0.000000 0.000000 0.000000 1.000000
0.998836 0.045639 -0.015599 -0.000000 -0.041538 0.978362 0.202690 7.463500 0.024512 -0.201806 0.979119 -1.336300 0.000000 0.000000 0.000000 1.000000
0.998997 0.041046 -0.017896 0.000000 -0.036901 0.981052 0.190199 7.463500 0.025364 -0.189348 0.981582 -1.336300 0.000000 0.000000 0.000000 1.000000
0.998927 0.042915 -0.017424 -0.000000 -0.039224 0.983874 0.174508 7.463500 0.024632 -0.173637 0.984502 -1.336300 0.000000 0.000000 0.000000 1.000000
0.998487 0.053691 -0.011901 -0.000000 -0.051090 0.985702 0.160568 7.463500 0.020352 -0.159717 0.986953 -1.336300 0.000000 0.000000 0.000000 1.000000
0.997704 0.067716 -0.000593 0.000000 -0.066847 0.986224 0.151308 7.463500 0.010831 -0.150921 0.988487 -1.336300 0.000000 0.000000 0.000000 1.000000
0.996605 0.080951 0.015045 0.000000 -0.082282 0.985847 0.146066 7.463500 -0.003008 -0.146808 0.989160 -1.336300 0.000000 0.000000 0.000000 1.000000
0.995161 0.093455 0.030352 0.000000 -0.096886 0.984740 0.144571 7.463500 -0.016378 -0.146812 0.989029 -1.336300 0.000000 0.000000 0.000000 1.000000
0.994293 0.099193 0.039265 -0.000000 -0.103959 0.983521 0.147917 7.463500 -0.023946 -0.151155 0.988220 -1.336300 0.000000 0.000000 0.000000 1.000000
0.994301 0.098926 0.039739 -0.000000 -0.103956 0.982321 0.155688 7.463500 -0.023635 -0.158932 0.987007 -1.336300 0.000000 0.000000 0.000000 1.000000
0.994861 0.095715 0.033028 0.000000 -0.099892 0.981110 0.165665 7.463500 -0.016547 -0.168113 0.985629 -1.336300 0.000000 0.000000 0.000000 1.000000
0.995780 0.089246 0.021405 0.000000 -0.091624 0.980176 0.175672 7.463500 -0.005302 -0.176892 0.984216 -1.336300 0.000000 0.000000 0.000000 1.000000
0.996851 0.078902 0.007891 0.000000 -0.079006 0.979784 0.183796 7.463500 0.006770 -0.183841 0.982933 -1.336300 0.000000 0.000000 0.000000 1.000000
0.997766 0.066706 -0.003594 0.000000 -0.064834 0.979918 0.188564 7.463500 0.016100 -0.187910 0.982054 -1.336300 0.000000 0.000000 0.000000 1.000000
0.998458 0.054434 -0.010904 0.000000 -0.051374 0.980419 0.190102 7.463500 0.021039 -0.189249 0.981704 -1.336300 0.000000 0.000000 0.000000 1.000000
0.998972 0.042765 -0.015009 0.000000 -0.039141 0.981001 0.190012 7.463500 0.022850 -0.189229 0.981667 -1.336300 0.000000 0.000000 0.000000 1.000000
0.999391 0.030028 -0.017785 0.000000 -0.026111 0.981473 0.189815 7.463500 0.023155 -0.189235 0.981659 -1.336300 0.000000 0.000000 0.000000 1.000000
0.999663 0.017005 -0.019599 0.000000 -0.012971 0.981669 0.190150 7.463500 0.022473 -0.189832 0.981559 -1.336300 0.000000 0.000000 0.000000 1.000000
