<?xml version="1.0" encoding="utf-8"?>
<COLLADA xmlns="http://www.collada.org/2005/11/COLLADASchema" version="1.4.1">
  <asset><contributor><author>Mixamo</author><authoring_tool>COLLADA Mixamo exporter</authoring_tool><comments></comments></contributor><created>2020-12-04T01:56:05Z</created><modified>2020-12-04T01:56:05Z</modified><revision></revision><title></title><unit meter="0.010000"/><up_axis>Y_UP</up_axis></asset>
  <library_animations>
    <animation id="mixamorig_Hips-anim" name="mixamorig_Hips"><source id="mixamorig_Hips-Matrix-animation-input"><float_array id="mixamorig_Hips-Matrix-animation-input-array" count="40">

0.000000 0.033333 0.066667 0.100000 0.133333 0.166667 0.200000 0.233333 0.266667 0.300000 0.333333 0.366667 0.400000 0.433333 0.466667 0.500000
0.533333 0.566667 0.600000 0.633333 0.666667 0.700000 0.733333 0.766667 0.800000 0.833333 0.866667 0.900000 0.933333 0.966667 1.000000 1.033333
1.066667 1.100000 1.133333 1.166667 1.200000 1.233333 1.266667 1.300000</float_array><technique_common><accessor source="#mixamorig_Hips-Matrix-animation-input-array" count="40"><param name="TIME" type="float"/></accessor></technique_common></source><source id="mixamorig_Hips-Matrix-animation-output-transform"><float_array id="mixamorig_Hips-Matrix-animation-output-transform-array" count="640">

0.988352 -0.093435 0.120123 -0.665683 0.124323 0.950962 -0.283221 72.822754 -0.087770 0.294857 0.951502 -0.069720 0.000000 0.000000 0.000000 1.000000
0.995790 -0.054874 0.073429 -0.109170 0.074989 0.948350 -0.308235 73.880142 -0.052722 0.312443 0.948472 3.012177 0.000000 0.000000 0.000000 1.000000
0.999999 0.000682 -0.001477 0.710814 -0.001136 0.942710 -0.333612 75.806618 0.001165 0.333613 0.942709 8.241462 0.000000 0.000000 0.000000 1.000000
0.995762 0.047407 -0.078804 1.579986 -0.071088 0.940410 -0.332528 78.238647 0.058344 0.336721 0.939795 14.564522 0.000000 0.000000 0.000000 1.000000
0.988272 0.058375 -0.141108 2.297205 -0.098046 0.950989 -0.293270 80.843994 0.117073 0.303665 0.945559 20.843140 0.000000 0.000000 0.000000 1.000000
0.980993 0.025067 -0.192419 2.882240 -0.068276 0.972800 -0.221358 83.506035 0.181636 0.230288 0.956021 26.469696 0.000000 0.000000 0.000000 1.000000
0.964319 -0.051216 -0.259742 3.520253 0.016735 0.990940 -0.133261 86.278580 0.264214 0.124159 0.956439 31.681309 0.000000 0.000000 0.000000 1.000000
0.914822 -0.159039 -0.371225 4.320044 0.149697 0.987253 -0.054052 89.210480 0.375089 -0.006124 0.926968 36.630947 0.000000 0.000000 0.000000 1.000000
0.804060 -0.268231 -0.530603 5.276658 0.309575 0.950805 -0.011530 92.099411 0.507592 -0.154991 0.847542 41.339104 0.000000 0.000000 0.000000 1.000000
0.616949 -0.350791 -0.704499 6.695581 0.470765 0.881851 -0.026838 94.787910 0.630677 -0.315096 0.709197 46.198757 0.000000 0.000000 0.000000 1.000000
0.367899 -0.407306 -0.835914 8.232284 0.618197 0.778660 -0.107330 97.238548 0.694609 -0.477273 0.538265 51.445408 0.000000 0.000000 0.000000 1.000000
0.109630 -0.449256 -0.886651 9.606550 0.726471 0.645033 -0.237007 99.083008 0.678396 -0.618143 0.397086 56.513809 0.000000 0.000000 0.000000 1.000000
-0.091982 -0.491087 -0.866240 10.593302 0.783660 0.501007 -0.367244 100.300972 0.614342 -0.712618 0.338762 61.054596 0.000000 0.000000 0.000000 1.000000
-0.205144 -0.537115 -0.818183 10.738993 0.809954 0.376131 -0.450001 101.144402 0.549446 -0.755005 0.357878 64.659988 0.000000 0.000000 0.000000 1.000000
-0.255509 -0.573029 -0.778686 10.124937 0.835186 0.274892 -0.476339 101.312576 0.487011 -0.772057 0.408348 67.318947 0.000000 0.000000 0.000000 1.000000
-0.278666 -0.584862 -0.761762 10.437115 0.857076 0.206429 -0.472025 101.293640 0.433319 -0.784426 0.443747 69.363831 0.000000 0.000000 0.000000 1.000000
-0.308883 -0.562512 -0.766924 11.277245 0.870311 0.158056 -0.466452 100.987907 0.383601 -0.811541 0.440739 70.366333 0.000000 0.000000 0.000000 1.000000
-0.350202 -0.510088 -0.785601 12.496401 0.871591 0.129719 -0.472760 100.486885 0.343056 -0.850284 0.399161 70.759041 0.000000 0.000000 0.000000 1.000000
-0.379588 -0.452419 -0.806988 13.679481 0.861311 0.145602 -0.486769 100.040581 0.337723 -0.879839 0.334404 71.580948 0.000000 0.000000 0.000000 1.000000
-0.396502 -0.407875 -0.822450 14.720218 0.844013 0.190475 -0.501359 99.488503 0.361148 -0.892949 0.268728 71.708084 0.000000 0.000000 0.000000 1.000000
-0.400328 -0.387513 -0.830404 15.581123 0.823199 0.246040 -0.511671 98.901047 0.402592 -0.888424 0.220503 71.005531 0.000000 0.000000 0.000000 1.000000
-0.387559 -0.391410 -0.834623 16.536278 0.800454 0.306193 -0.515286 98.488251 0.457244 -0.867781 0.194638 70.151199 0.000000 0.000000 0.000000 1.000000
-0.353166 -0.409876 -0.840997 17.658646 0.776309 0.373294 -0.507933 98.139366 0.522129 -0.832258 0.186356 68.767792 0.000000 0.000000 0.000000 1.000000
-0.284362 -0.432977 -0.855376 18.623430 0.748910 0.456715 -0.480150 97.654022 0.598558 -0.777137 0.194388 66.760628 0.000000 0.000000 0.000000 1.000000
-0.172860 -0.448345 -0.876987 18.790976 0.712150 0.558200 -0.425740 96.702965 0.680413 -0.698140 0.222798 64.004585 0.000000 0.000000 0.000000 1.000000
-0.022145 -0.441253 -0.897110 17.807339 0.659994 0.667557 -0.344637 95.324043 0.750944 -0.599719 0.276442 60.291821 0.000000 0.000000 0.000000 1.000000
0.150829 -0.404254 -0.902125 15.909153 0.576479 0.777303 -0.251937 93.760849 0.803071 -0.482057 0.350284 55.804466 0.000000 0.000000 0.000000 1.000000
0.316094 -0.342171 -0.884875 13.660089 0.457449 0.872083 -0.173815 92.360779 0.831159 -0.349843 0.432186 50.585228 0.000000 0.000000 0.000000 1.000000
0.450195 -0.268344 -0.851655 11.689512 0.312960 0.940694 -0.130964 90.915939 0.836290 -0.207574 0.507476 44.861343 0.000000 0.000000 0.000000 1.000000
0.550994 -0.199329 -0.810354 10.104347 0.173387 0.977208 -0.122478 89.427475 0.816298 -0.073020 0.572997 38.886887 0.000000 0.000000 0.000000 1.000000
0.631796 -0.145666 -0.761325 8.756421 0.062812 0.988575 -0.137021 87.937363 0.772585 0.038749 0.633727 32.847080 0.000000 0.000000 0.000000 1.000000
0.704992 -0.106541 -0.701167 7.726117 -0.014766 0.986233 -0.164702 86.147316 0.709062 0.126467 0.693713 26.986498 0.000000 0.000000 0.000000 1.000000
0.774016 -0.081031 -0.627960 6.629557 -0.059333 0.978131 -0.199349 84.055923 0.630380 0.191558 0.752281 21.239803 0.000000 0.000000 0.000000 1.000000
0.835767 -0.061221 -0.545661 5.522178 -0.083548 0.968015 -0.236575 81.755478 0.542691 0.243310 0.803920 16.006733 0.000000 0.000000 0.000000 1.000000
0.888452 -0.040961 -0.457138 4.524604 -0.096369 0.957158 -0.273058 79.497612 0.448738 0.286653 0.846442 11.588904 0.000000 0.000000 0.000000 1.000000
0.934666 -0.024359 -0.354692 3.511159 -0.091074 0.947957 -0.305095 77.433426 0.343664 0.317465 0.883805 7.942810 0.000000 0.000000 0.000000 1.000000
0.973336 -0.025546 -0.227957 2.335301 -0.051375 0.944257 -0.325177 75.700836 0.223557 0.328218 0.917767 5.013184 0.000000 0.000000 0.000000 1.000000
0.995441 -0.046108 -0.083497 1.091925 0.016673 0.946035 -0.323636 74.377571 0.093914 0.320769 0.942490 2.740746 0.000000 0.000000 0.000000 1.000000
0.996208 -0.074141 0.045538 -0.014160 0.084493 0.949275 -0.302883 73.366234 -0.020772 0.305582 0.951939 0.932904 0.000000 0.000000 0.000000 1.000000
0.988358 -0.093453 0.120059 -0.662707 0.124321 0.950963 -0.283221 72.822540 -0.087704 0.294850 0.951510 -0.072922 0.000000 0.000000 0.000000 1.000000</float_array><technique_common><accessor source="#mixamorig_Hips-Matrix-animation-output-transform-array" count="40" stride="16"><param type="float4x4"/></accessor></technique_common></source><source id="mixamorig_Hips-Interpolations"><Name_array id="mixamorig_Hips-Interpolations-array" count="40">
 LINEAR LINEAR LINEAR LINEAR LINEAR LINEAR LINEAR LINEAR LINEAR LINEAR LINEAR
LINEAR LINEAR LINEAR LINEAR LINEAR LINEAR LINEAR LINEAR LINEAR LINEAR LINEAR LINEAR
LINEAR LINEAR LINEAR LINEAR LINEAR LINEAR LINEAR LINEAR LINEAR LINEAR LINEAR LINEAR
LINEAR LINEAR LINEAR LINEAR LINEAR</Name_array><technique_common><accessor source="#mixamorig_Hips-Interpolations-array" count="40"><param type="name"/></accessor></technique_common></source><sampler id="mixamorig_Hips-Matrix-animation-transform"><input semantic="INPUT" source="#mixamorig_Hips-Matrix-animation-input"/><input semantic="OUTPUT" source="#mixamorig_Hips-Matrix-animation-output-transform"/><input semantic="INTERPOLATION" source="#mixamorig_Hips-Interpolations"/></sampler><channel source="#mixamorig_Hips-Matrix-animation-transform" target="mixamorig_Hips/matrix"/></animation>
    <animation id="mixamorig_Spine-anim" name="mixamorig_Spine"><source id="mixamorig_Spine-Matrix-animation-input"><float_array id="mixamorig_Spine-Matrix-animation-input-array" count="40">

0.000000 0.033333 0.066667 0.100000 0.133333 0.166667 0.200000 0.233333 0.266667 0.300000 0.333333 0.366667 0.400000 0.433333 0.466667 0.500000
0.533333 0.566667 0.600000 0.633333 0.666667 0.700000 0.733333 0.766667 0.800000 0.833333 0.866667 0.900000 0.933333 0.966667 1.000000 1.033333
1.066667 1.100000 1.133333 1.166667 1.200000 1.233333 1.266667 1.300000</float_array><technique_common><accessor source="#mixamorig_Spine-Matrix-animation-input-array" count="40"><param name="TIME" type="float"/></accessor></technique_common></source><source id="mixamorig_Spine-Matrix-animation-output-transform"><float_array id="mixamorig_Spine-Matrix-animation-output-transform-array" count="640">

0.962153 -0.095439 -0.255252 0.000000 0.097163 0.995251 -0.005877 7.463500 0.254600 -0.019147 0.966857 -1.336300 0.000000 0.000000 0.000000 1.000000
0.968019 -0.104639 -0.228012 0.000000 0.112208 0.993474 0.020453 7.463500 0.224384 -0.045384 0.973443 -1.336300 0.000000 0.000000 0.000000 1.000000
0.975423 -0.118415 -0.185815 -0.000000 0.131749 0.989399 0.061090 7.463500 0.176611 -0.084069 0.980684 -1.336300 0.000000 0.000000 0.000000 1.000000
0.980549 -0.132383 -0.144907 0.000000 0.147732 0.983874 0.100829 7.463500 0.129223 -0.120275 0.984294 -1.336300 0.000000 0.000000 0.000000 1.000000
0.983358 -0.139122 -0.116838 0.000000 0.153797 0.979811 0.127738 7.463500 0.096708 -0.143581 0.984902 -1.336300 0.000000 0.000000 0.000000 1.000000
0.984863 -0.138181 -0.104646 -0.000000 0.152129 0.978428 0.139766 7.463500 0.083076 -0.153570 0.984639 -1.336300 0.000000 0.000000 0.000000 1.000000
0.986949 -0.127189 -0.098763 0.000000 0.140608 0.979602 0.143557 7.463500 0.078489 -0.155571 0.984702 -1.336300 0.000000 0.000000 0.000000 1.000000
0.990777 -0.103694 -0.087228 0.000000 0.115605 0.982664 0.144939 7.463500 0.070687 -0.153686 0.985588 -1.336300 0.000000 0.000000 0.000000 1.000000
0.994960 -0.076271 -0.065090 -0.000000 0.084993 0.985936 0.143899 7.463500 0.053199 -0.148706 0.987449 -1.336300 0.000000 0.000000 0.000000 1.000000
0.997864 -0.055511 -0.034431 0.000000 0.059793 0.988446 0.139278 7.463500 0.026301 -0.141039 0.989655 -1.336300 0.000000 0.000000 0.000000 1.000000
0.999371 -0.035437 -0.001205 0.000000 0.035279 0.990391 0.133722 7.463500 -0.003545 -0.133680 0.991018 -1.336300 0.000000 0.000000 0.000000 1.000000
0.999445 -0.014281 0.030105 0.000000 0.010225 0.991355 0.130808 7.463500 -0.031712 -0.130427 0.990951 -1.336300 0.000000 0.000000 0.000000 1.000000
0.998493 0.006170 0.054523 -0.000000 -0.013364 0.991081 0.132591 7.463500 -0.053219 -0.133119 0.989670 -1.336300 0.000000 0.000000 0.000000 1.000000
0.997426 0.019246 0.069071 0.000000 -0.028627 0.990088 0.137503 7.463500 -0.065740 -0.139126 0.988090 -1.336300 0.000000 0.000000 0.000000 1.000000
0.996463 0.033570 0.077032 -0.000000 -0.044158 0.989144 0.140155 7.463500 -0.071491 -0.143061 0.987128 -1.336300 0.000000 0.000000 0.000000 1.000000
0.995940 0.034627 0.083094 -0.000000 -0.045826 0.989525 0.136892 7.463500 -0.077484 -0.140144 0.987095 -1.336300 0.000000 0.000000 0.000000 1.000000
0.995455 0.033494 0.089150 -0.000000 -0.044721 0.990884 0.127077 7.463500 -0.084081 -0.130486 0.987878 -1.336300 0.000000 0.000000 0.000000 1.000000
0.995255 0.037962 0.089593 0.000000 -0.048155 0.992256 0.114497 7.463500 -0.084552 -0.118268 0.989375 -1.336300 0.000000 0.000000 0.000000 1.000000
0.996392 0.031036 0.078998 0.000000 -0.039315 0.993641 0.105506 7.463500 -0.075222 -0.108231 0.991276 -1.336300 0.000000 0.000000 0.000000 1.000000
0.997488 0.024679 0.066400 0.000000 -0.031347 0.994359 0.101331 7.463500 -0.063525 -0.103158 0.992634 -1.336300 0.000000 0.000000 0.000000 1.000000
0.998002 0.021791 0.059301 0.000000 -0.027707 0.994516 0.100845 7.463500 -0.056779 -0.102287 0.993133 -1.336300 0.000000 0.000000 0.000000 1.000000
0.998063 0.018074 0.059521 0.000000 -0.024121 0.994440 0.102507 7.463500 -0.057338 -0.103744 0.992950 -1.336300 0.000000 0.000000 0.000000 1.000000
0.997712 0.015355 0.065836 0.000000 -0.022268 0.994161 0.105584 7.463500 -0.063831 -0.106808 0.992229 -1.336300 0.000000 0.000000 0.000000 1.000000
0.997295 0.012109 0.072495 0.000000 -0.020056 0.993738 0.109919 7.463500 -0.070710 -0.111075 0.991293 -1.336300 0.000000 0.000000 0.000000 1.000000
0.997020 0.007431 0.076778 0.000000 -0.016203 0.993319 0.114260 7.463500 -0.075416 -0.115164 0.990480 -1.336300 0.000000 0.000000 0.000000 1.000000
0.997161 0.007572 0.074911 0.000000 -0.016264 0.993103 0.116108 7.463500 -0.073515 -0.116997 0.990408 -1.336300 0.000000 0.000000 0.000000 1.000000
0.997864 0.009084 0.064685 0.000000 -0.016454 0.993307 0.114327 7.463500 -0.063213 -0.115147 0.991335 -1.336300 0.000000 0.000000 0.000000 1.000000
0.998834 0.013350 0.046398 -0.000000 -0.018376 0.993801 0.109643 7.463500 -0.044647 -0.110367 0.992888 -1.336300 0.000000 0.000000 0.000000 1.000000
0.999591 0.013210 0.025372 0.000000 -0.015796 0.994393 0.104565 7.463500 -0.023848 -0.104923 0.994194 -1.336300 0.000000 0.000000 0.000000 1.000000
0.999948 0.008747 0.005317 0.000000 -0.009241 0.994815 0.101281 7.463500 -0.004404 -0.101325 0.994844 -1.336300 0.000000 0.000000 0.000000 1.000000
0.999947 -0.001687 -0.010152 0.000000 0.002696 0.994955 0.100285 7.463500 0.009932 -0.100307 0.994907 -1.336300 0.000000 0.000000 0.000000 1.000000
0.999540 -0.023315 -0.019391 -0.000000 0.025135 0.994707 0.099635 7.463500 0.016965 -0.100077 0.994835 -1.336300 0.000000 0.000000 0.000000 1.000000
0.998472 -0.048376 -0.026709 0.000000 0.050747 0.994020 0.096689 7.463500 0.021871 -0.097897 0.994956 -1.336300 0.000000 0.000000 0.000000 1.000000
0.996568 -0.072895 -0.039223 0.000000 0.076148 0.993110 0.089069 7.463500 0.032460 -0.091750 0.995253 -1.336300 0.000000 0.000000 0.000000 1.000000
0.993562 -0.094115 -0.063056 -0.000000 0.098797 0.992218 0.075776 7.463500 0.055434 -0.081518 0.995129 -1.336300 0.000000 0.000000 0.000000 1.000000
0.988932 -0.108956 -0.100710 0.000000 0.115111 0.991690 0.057454 7.463500 0.093613 -0.068411 0.993256 -1.336300 0.000000 0.000000 0.000000 1.000000
0.982681 -0.112353 -0.147363 0.000000 0.118954 0.992219 0.036752 7.463500 0.142088 -0.053645 0.988399 -1.336300 0.000000 0.000000 0.000000 1.000000
0.974866 -0.107784 -0.194985 -0.000000 0.113255 0.993419 0.017098 7.463500 0.191859 -0.038752 0.980657 -1.336300 0.000000 0.000000 0.000000 1.000000
0.967051 -0.100583 -0.233869 0.000000 0.103946 0.994581 0.002067 7.463500 0.232394 -0.026309 0.972266 -1.336300 0.000000 0.000000 0.000000 1.000000
0.962152 -0.095441 -0.255253 0.000000 0.097165 0.995251 -0.005877 7.463500 0.254601 -0.019147 0.966857 -1.336300 0.000000 0.000000 0.000000 1.000000</float_array><technique_common><accessor source="#mixamorig_Spine-Matrix-animation-output-transform-array" count="40" stride="16"><param type="float4x4"/></accessor></technique_common></source><source id="mixamorig_Spine-Interpolations"><Name_array id="mixamorig_Spine-Interpolations-array" count="40">
 LINEAR LINEAR LINEAR LINEAR LINEAR LINEAR LINEAR LINEAR LINEAR LINEAR LINEAR
LINEAR LINEAR LINEAR LINEAR LINEAR LINEAR LINEAR LINEAR LINEAR LINEAR LINEAR LINEAR
LINEAR LINEAR LINEAR LINEAR LINEAR LINEAR LINEAR LINEAR LINEAR LINEAR LINEAR LINEAR
LINEAR LINEAR LINEAR LINEAR LINEAR</Name_array><technique_common><accessor source="#mixamorig_Spine-Interpolations-array" count="40"><param type="name"/></accessor></technique_common></source><sampler id="mixamorig_Spine-Matrix-animation-transform"><input semantic="INPUT" source="#mixamorig_Spine-Matrix-animation-input"/><input semantic="OUTPUT" source="#mixamorig_Spine-Matrix-animation-output-transform"/><input semantic="INTERPOLATION" source="#mixamorig_Spine-Interpolations"/></sampler><channel source="#mixamorig_Spine-Matrix-animation-transform" target="mixamorig_Spine/matrix"/></animation>
    <animation id="mixamorig_Spine1-anim" name="mixamorig_Spine1"><source id="mixamorig_Spine1-Matrix-animation-input"><float_array id="mixamorig_Spine1-Matrix-animation-input-array" count="40">

0.000000 0.033333 0.066667 0.100000 0.133333 0.166667 0.200000 0.233333 0.266667 0.300000 0.333333 0.366667 0.400000 0.433333 0.466667 0.500000
0.533333 0.566667 0.600000 0.633333 0.666667 0.700000 0.733333 0.766667 0.800000 0.833333 0.866667 0.900000 0.933333 0.966667 1.000000 1.033333
1.066667 1.100000 1.133333 1.166667 1.200000 1.233333 1.266667 1.300000</float_array><technique_common><accessor source="#mixamorig_Spine1-Matrix-animation-input-array" count="40"><param name="TIME" type="float"/></accessor></technique_common></source><source id="mixamorig_Spine1-Matrix-animation-output-transform"><float_array id="mixamorig_Spine1-Matrix-animation-output-transform-array" count="640">

0.997453 0.010398 -0.070560 0.000000 -0.013912 0.998678 -0.049491 8.845900 0.069952 0.050347 0.996279 0.000000 0.000000 0.000000 0.000000 1.000000
0.995631 -0.017992 -0.091620 0.000000 0.014058 0.998958 -0.043412 8.845900 0.092306 0.041934 0.994847 0.000000 0.000000 0.000000 0.000000 1.000000
0.990344 -0.061854 -0.124070 -0.000000 0.057490 0.997605 -0.038457 8.845900 0.126152 0.030953 0.991528 0.000000 0.000000 0.000000 0.000000 1.000000
0.982151 -0.103865 -0.156816 0.000000 0.098883 0.994324 -0.039266 8.845900 0.160004 0.023059 0.986847 -0.000000 0.000000 0.000000 0.000000 1.000000
0.975305 -0.127658 -0.180234 0.000000 0.121654 0.991596 -0.044026 8.845900 0.184339 0.021012 0.982638 0.000000 0.000000 0.000000 0.000000 1.000000
0.973777 -0.126294 -0.189232 0.000000 0.119513 0.991726 -0.046874 8.845900 0.193586 0.023029 0.980813 -0.000000 0.000000 0.000000 0.000000 1.000000
0.977857 -0.103693 -0.181777 0.000000 0.097015 0.994252 -0.045279 8.845900 0.185428 0.026641 0.982297 0.000000 0.000000 0.000000 0.000000 1.000000
0.985247 -0.068654 -0.156766 0.000000 0.062639 0.997109 -0.043000 8.845900 0.159265 0.032546 0.986699 0.000000 0.000000 0.000000 0.000000 1.000000
0.993041 -0.028349 -0.114308 0.000000 0.023177 0.998657 -0.046326 8.845900 0.115468 0.043354 0.992365 -0.000000 0.000000 0.000000 0.000000 1.000000
0.998286 0.014321 -0.056741 -0.000000 -0.017623 0.998154 -0.058120 8.845900 0.055804 0.059020 0.996696 0.000000 0.000000 0.000000 0.000000 1.000000
0.998252 0.058189 0.010307 0.000000 -0.057256 0.995541 -0.074971 8.845900 -0.014624 0.074250 0.997132 -0.000000 0.000000 0.000000 0.000000 1.000000
0.992049 0.099293 0.077326 -0.000000 -0.092325 0.991743 -0.089004 8.845900 -0.085525 0.081158 0.993025 -0.000000 0.000000 0.000000 0.000000 1.000000
0.982500 0.130188 0.133210 0.000000 -0.118366 0.988592 -0.093147 8.845900 -0.143817 0.075749 0.986701 0.000000 0.000000 0.000000 0.000000 1.000000
0.974591 0.145002 0.170722 -0.000000 -0.131599 0.987441 -0.087423 8.845900 -0.181254 0.062735 0.981433 0.000000 0.000000 0.000000 0.000000 1.000000
0.970977 0.144980 0.190223 0.000000 -0.131646 0.987980 -0.081024 8.845900 -0.199683 0.053630 0.978392 0.000000 0.000000 0.000000 0.000000 1.000000
0.970548 0.137887 0.197543 0.000000 -0.123091 0.988716 -0.085374 8.845900 -0.207086 0.058543 0.976570 0.000000 0.000000 0.000000 0.000000 1.000000
0.971417 0.131329 0.197742 0.000000 -0.112566 0.988254 -0.103356 8.845900 -0.208993 0.078143 0.974790 -0.000000 0.000000 0.000000 0.000000 1.000000
0.973350 0.127021 0.190933 -0.000000 -0.103878 0.986485 -0.126718 8.845900 -0.204448 0.103507 0.973390 0.000000 0.000000 0.000000 0.000000 1.000000
0.977012 0.121831 0.174943 0.000000 -0.096933 0.984754 -0.144444 8.845900 -0.189873 0.124165 0.973926 0.000000 0.000000 0.000000 0.000000 1.000000
0.981896 0.113480 0.151663 0.000000 -0.090242 0.984223 -0.152187 8.845900 -0.166541 0.135746 0.976646 0.000000 0.000000 0.000000 0.000000 1.000000
0.986153 0.104029 0.129153 0.000000 -0.083833 0.984662 -0.153012 8.845900 -0.143090 0.140065 0.979748 -0.000000 0.000000 0.000000 0.000000 1.000000
0.988378 0.097917 0.116284 0.000000 -0.079839 0.985294 -0.151067 8.845900 -0.129366 0.140027 0.981660 0.000000 0.000000 0.000000 0.000000 1.000000
0.988524 0.097529 0.115359 0.000000 -0.080055 0.985824 -0.147449 8.845900 -0.128104 0.136522 0.982319 -0.000000 0.000000 0.000000 0.000000 1.000000
0.987558 0.100865 0.120644 -0.000000 -0.083399 0.986352 -0.141965 8.845900 -0.133316 0.130137 0.982492 -0.000000 0.000000 0.000000 0.000000 1.000000
0.986983 0.102610 0.123835 -0.000000 -0.085530 0.986991 -0.136141 8.845900 -0.136194 0.123777 0.982919 0.000000 0.000000 0.000000 0.000000 1.000000
0.988039 0.096771 0.120062 0.000000 -0.080567 0.987814 -0.133167 8.845900 -0.131485 0.121901 0.983795 0.000000 0.000000 0.000000 0.000000 1.000000
0.990912 0.079156 0.108755 0.000000 -0.064130 0.988725 -0.135318 8.845900 -0.118240 0.127114 0.984815 0.000000 0.000000 0.000000 0.000000 1.000000
0.994655 0.049378 0.090679 -0.000000 -0.036162 0.989206 -0.141999 8.845900 -0.096712 0.137961 0.985705 0.000000 0.000000 0.000000 0.000000 1.000000
0.997708 0.012202 0.066560 0.000000 -0.002068 0.988646 -0.150250 8.845900 -0.067638 0.149768 0.986405 -0.000000 0.000000 0.000000 0.000000 1.000000
0.998953 -0.022989 0.039557 0.000000 0.028910 0.987288 -0.156290 8.845900 -0.035461 0.157269 0.986919 0.000000 0.000000 0.000000 0.000000 1.000000
0.998801 -0.045814 0.017279 0.000000 0.047957 0.986519 -0.156462 8.845900 -0.009878 0.157103 0.987533 0.000000 0.000000 0.000000 0.000000 1.000000
0.998688 -0.050549 0.008216 0.000000 0.051209 0.987519 -0.148942 8.845900 -0.000584 0.149168 0.988812 0.000000 0.000000 0.000000 0.000000 1.000000
0.999088 -0.040188 0.014424 -0.000000 0.041779 0.989825 -0.136021 8.845900 -0.008811 0.136499 0.990601 0.000000 0.000000 0.000000 0.000000 1.000000
0.999300 -0.024952 0.027872 0.000000 0.028192 0.992048 -0.122660 8.845900 -0.024589 0.123360 0.992057 0.000000 0.000000 0.000000 0.000000 1.000000
0.999273 -0.014832 0.035109 0.000000 0.018665 0.993592 -0.111475 8.845900 -0.033230 0.112050 0.993147 0.000000 0.000000 0.000000 0.000000 1.000000
0.999577 -0.011856 0.026556 0.000000 0.014479 0.994795 -0.100861 8.845900 -0.025222 0.101203 0.994546 0.000000 0.000000 0.000000 0.000000 1.000000
0.999945 -0.010177 0.002382 0.000000 0.010347 0.996064 -0.088036 8.845900 -0.001477 0.088056 0.996114 -0.000000 0.000000 0.000000 0.000000 1.000000
0.999579 -0.004422 -0.028677 0.000000 0.002326 0.997350 -0.072719 8.845900 0.028923 0.072621 0.996940 0.000000 0.000000 0.000000 0.000000 1.000000
0.998442 0.004144 -0.055646 -0.000000 -0.007390 0.998275 -0.058242 8.845900 0.055309 0.058563 0.996750 -0.000000 0.000000 0.000000 0.000000 1.000000
0.997453 0.010398 -0.070560 -0.000000 -0.013912 0.998678 -0.049491 8.845900 0.069952 0.050347 0.996279 0.000000 0.000000 0.000000 0.000000 1.000000</float_array><technique_common><accessor source="#mixamorig_Spine1-Matrix-animation-output-transform-array" count="40" stride="16"><param type="float4x4"/></accessor></technique_common></source><source id="mixamorig_Spine1-Interpolations"><Name_array id="mixamorig_Spine1-Interpolations-array" count="40">
 LINEAR LINEAR LINEAR LINEAR LINEAR LINEAR LINEAR LINEAR LINEAR LINEAR LINEAR
LINEAR LINEAR LINEAR LINEAR LINEAR LINEAR LINEAR LINEAR LINEAR LINEAR LINEAR LINEAR
LINEAR LINEAR LINEAR LINEAR LINEAR LINEAR LINEAR LINEAR LINEAR LINEAR LINEAR LINEAR
LINEAR LINEAR LINEAR LINEAR LINEAR</Name_array><technique_common><accessor source="#mixamorig_Spine1-Interpolations-array" count="40"><param type="name"/></accessor></technique_common></source><sampler id="mixamorig_Spine1-Matrix-animation-transform"><input semantic="INPUT" source="#mixamorig_Spine1-Matrix-animation-input"/><input semantic="OUTPUT" source="#mixamorig_Spine1-Matrix-animation-output-transform"/><input semantic="INTERPOLATION" source="#mixamorig_Spine1-Interpolations"/></sampler><channel source="#mixamorig_Spine1-Matrix-animation-transform" target="mixamorig_Spine1/matrix"/></animation>
    <animation id="mixamorig_Spine2-anim" name="mixamorig_Spine2"><source id="mixamorig_Spine2-Matrix-animation-input"><float_array id="mixamorig_Spine2-Matrix-animation-input-array" count="40">

0.000000 0.033333 0.066667 0.100000 0.133333 0.166667 0.200000 0.233333 0.266667 0.300000 0.333333 0.366667 0.400000 0.433333 0.466667 0.500000
0.533333 0.566667 0.600000 0.633333 0.666667 0.700000 0.733333 0.766667 0.800000 0.833333 0.866667 0.900000 0.933333 0.966667 1.000000 1.033333
1.066667 1.100000 1.133333 1.166667 1.200000 1.233333 1.266667 1.300000</float_array><technique_common><accessor source="#mixamorig_Spine2-Matrix-animation-input-array" count="40"><param name="TIME" type="float"/></accessor></technique_common></source><source id="mixamorig_Spine2-Matrix-animation-output-transform"><float_array id="mixamorig_Spine2-Matrix-animation-output-transform-array" count="640">

0.997154 0.007917 -0.074971 0.000000 -0.011635 0.998717 -0.049283 10.109600 0.074485 0.050015 0.995967 -0.000000 0.000000 0.000000 0.000000 1.000000
0.995227 -0.019505 -0.095620 -0.000000 0.015464 0.998963 -0.042831 10.109600 0.096356 0.041148 0.994496 -0.000000 0.000000 0.000000 0.000000 1.000000
0.989905 -0.061910 -0.127493 0.000000 0.057581 0.997641 -0.037369 10.109600 0.129506 0.029651 0.991135 0.000000 0.000000 0.000000 0.000000 1.000000
0.981819 -0.102612 -0.159694 0.000000 0.097778 0.994488 -0.037861 10.109600 0.162698 0.021558 0.986440 -0.000000 0.000000 0.000000 0.000000 1.000000
0.975107 -0.125738 -0.182635 0.000000 0.119905 0.991867 -0.042684 10.109600 0.186517 0.019723 0.982254 -0.000000 0.000000 0.000000 0.000000 1.000000
0.973661 -0.124336 -0.191112 -0.000000 0.117660 0.991991 -0.045935 10.109600 0.195293 0.022239 0.980493 -0.000000 0.000000 0.000000 0.000000 1.000000
0.977813 -0.101945 -0.183002 0.000000 0.095263 0.994436 -0.044964 10.109600 0.186567 0.026533 0.982084 0.000000 0.000000 0.000000 0.000000 1.000000
0.985275 -0.067164 -0.157236 -0.000000 0.061049 0.997190 -0.043408 10.109600 0.159710 0.033169 0.986607 0.000000 0.000000 0.000000 0.000000 1.000000
0.993103 -0.027343 -0.114010 0.000000 0.022068 0.998638 -0.047274 10.109600 0.115148 0.044432 0.992354 -0.000000 0.000000 0.000000 0.000000 1.000000
0.998341 0.014533 -0.055712 0.000000 -0.017819 0.998102 -0.058955 10.109600 0.054750 0.059850 0.996705 0.000000 0.000000 0.000000 0.000000 1.000000
0.998260 0.057742 0.011981 -0.000000 -0.056691 0.995592 -0.074721 10.109600 -0.016243 0.073912 0.997132 0.000000 0.000000 0.000000 0.000000 1.000000
0.991929 0.098856 0.079402 0.000000 -0.091890 0.991957 -0.087051 10.109600 -0.087369 0.079052 0.993034 0.000000 0.000000 0.000000 0.000000 1.000000
0.982218 0.130221 0.135242 0.000000 -0.118739 0.988858 -0.089785 10.109600 -0.145427 0.072130 0.986736 0.000000 0.000000 0.000000 0.000000 1.000000
0.974294 0.145188 0.172254 0.000000 -0.132389 0.987661 -0.083657 10.109600 -0.182275 0.058702 0.981494 0.000000 0.000000 0.000000 0.000000 1.000000
0.970842 0.144716 0.191108 0.000000 -0.131970 0.988189 -0.077885 10.109600 -0.200122 0.050394 0.978474 0.000000 0.000000 0.000000 0.000000 1.000000
0.970540 0.137193 0.198065 -0.000000 -0.122789 0.988929 -0.083316 10.109600 -0.207303 0.056541 0.976641 0.000000 0.000000 0.000000 0.000000 1.000000
0.971349 0.130837 0.198400 0.000000 -0.112286 0.988419 -0.102080 10.109600 -0.209458 0.076878 0.974791 0.000000 0.000000 0.000000 0.000000 1.000000
0.973125 0.127035 0.192069 0.000000 -0.104006 0.986614 -0.125597 10.109600 -0.205453 0.102246 0.973311 0.000000 0.000000 0.000000 0.000000 1.000000
0.976718 0.121895 0.176534 0.000000 -0.097052 0.984935 -0.143123 10.109600 -0.191321 0.122658 0.973833 0.000000 0.000000 0.000000 0.000000 1.000000
0.981674 0.113111 0.153371 -0.000000 -0.089884 0.984479 -0.150739 10.109600 -0.168041 0.134190 0.976604 0.000000 0.000000 0.000000 0.000000 1.000000
0.986018 0.103525 0.130580 0.000000 -0.083330 0.984920 -0.151622 10.109600 -0.144308 0.138621 0.979775 0.000000 0.000000 0.000000 0.000000 1.000000
0.988238 0.097996 0.117401 0.000000 -0.079936 0.985491 -0.149728 10.109600 -0.130370 0.138582 0.981732 0.000000 0.000000 0.000000 0.000000 1.000000
0.988285 0.098263 0.116779 0.000000 -0.080780 0.985980 -0.146010 10.109600 -0.129489 0.134866 0.982366 0.000000 0.000000 0.000000 0.000000 1.000000
0.987203 0.101417 0.123066 0.000000 -0.083852 0.986543 -0.140362 10.109600 -0.135645 0.128246 0.982422 -0.000000 0.000000 0.000000 0.000000 1.000000
0.986666 0.102294 0.126596 -0.000000 -0.085101 0.987256 -0.134475 10.109600 -0.138739 0.121908 0.982797 -0.000000 0.000000 0.000000 0.000000 1.000000
0.988071 0.096304 0.120168 0.000000 -0.080299 0.988048 -0.131579 10.109600 -0.131404 0.120360 0.983995 -0.000000 0.000000 0.000000 0.000000 1.000000
0.991474 0.080788 0.102241 0.000000 -0.066752 0.988737 -0.133955 10.109600 -0.111911 0.125989 0.985699 0.000000 0.000000 0.000000 0.000000 1.000000
0.995546 0.055847 0.075953 0.000000 -0.044703 0.988966 -0.141234 10.109600 -0.083002 0.137210 0.987058 -0.000000 0.000000 0.000000 0.000000 1.000000
0.998593 0.025497 0.046497 -0.000000 -0.018224 0.988425 -0.150612 10.109600 -0.049799 0.149553 0.987499 -0.000000 0.000000 0.000000 0.000000 1.000000
0.999813 -0.002285 0.019191 0.000000 0.005287 0.987438 -0.157921 10.109600 -0.018589 0.157993 0.987265 -0.000000 0.000000 0.000000 0.000000 1.000000
0.999827 -0.018537 -0.001508 0.000000 0.018061 0.987106 -0.159048 10.109600 0.004437 0.158993 0.987270 0.000000 0.000000 0.000000 0.000000 1.000000
0.999744 -0.018560 -0.012974 0.000000 0.016371 0.988217 -0.152180 10.109600 0.015645 0.151928 0.988268 0.000000 0.000000 0.000000 0.000000 1.000000
0.999861 -0.005690 -0.015664 0.000000 0.003449 0.990210 -0.139542 10.109600 0.016305 0.139468 0.990092 0.000000 0.000000 0.000000 0.000000 1.000000
0.999856 0.010072 -0.013625 0.000000 -0.011707 0.991989 -0.125783 10.109600 0.012249 0.125924 0.991964 0.000000 0.000000 0.000000 0.000000 1.000000
0.999739 0.018783 -0.013032 0.000000 -0.020145 0.993311 -0.113702 10.109600 0.010809 0.113935 0.993429 0.000000 0.000000 0.000000 0.000000 1.000000
0.999663 0.017677 -0.019011 -0.000000 -0.019529 0.994578 -0.102143 10.109600 0.017102 0.102480 0.994588 0.000000 0.000000 0.000000 0.000000 1.000000
0.999396 0.011861 -0.032673 0.000000 -0.014712 0.995972 -0.088450 10.109600 0.031492 0.088878 0.995545 0.000000 0.000000 0.000000 0.000000 1.000000
0.998701 0.007754 -0.050352 0.000000 -0.011400 0.997301 -0.072531 10.109600 0.049654 0.073011 0.996094 -0.000000 0.000000 0.000000 0.000000 1.000000
0.997788 0.007093 -0.066097 0.000000 -0.010934 0.998261 -0.057926 10.109600 0.065571 0.058521 0.996130 0.000000 0.000000 0.000000 0.000000 1.000000
0.997154 0.007917 -0.074971 -0.000000 -0.011635 0.998717 -0.049283 10.109600 0.074485 0.050015 0.995967 -0.000000 0.000000 0.000000 0.000000 1.000000</float_array><technique_common><accessor source="#mixamorig_Spine2-Matrix-animation-output-transform-array" count="40" stride="16"><param type="float4x4"/></accessor></technique_common></source><source id="mixamorig_Spine2-Interpolations"><Name_array id="mixamorig_Spine2-Interpolations-array" count="40">
 LINEAR LINEAR LINEAR LINEAR LINEAR LINEAR LINEAR LINEAR LINEAR LINEAR LINEAR
LINEAR LINEAR LINEAR LINEAR LINEAR LINEAR LINEAR LINEAR LINEAR LINEAR LINEAR LINEAR
LINEAR LINEAR LINEAR LINEAR LINEAR LINEAR LINEAR LINEAR LINEAR LINEAR LINEAR LINEAR
LINEAR LINEAR LINEAR LINEAR LINEAR</Name_array><technique_common><accessor source="#mixamorig_Spine2-Interpolations-array" count="40"><param type="name"/></accessor></technique_common></source><sampler id="mixamorig_Spine2-Matrix-animation-transform"><input semantic="INPUT" source="#mixamorig_Spine2-Matrix-animation-input"/><input semantic="OUTPUT" source="#mixamorig_Spine2-Matrix-animation-output-transform"/><input semantic="INTERPOLATION" source="#mixamorig_Spine2-Interpolations"/></sampler><channel source="#mixamorig_Spine2-Matrix-animation-transform" target="mixamorig_Spine2/matrix"/></animation>
    <animation id="mixamorig_Neck-anim" name="mixamorig_Neck"><source id="mixamorig_Neck-Matrix-animation-input"><float_array id="mixamorig_Neck-Matrix-animation-input-array" count="40">

0.000000 0.033333 0.066667 0.100000 0.133333 0.166667 0.200000 0.233333 0.266667 0.300000 0.333333 0.366667 0.400000 0.433333 0.466667 0.500000
0.533333 0.566667 0.600000 0.633333 0.666667 0.700000 0.733333 0.766667 0.800000 0.833333 0.866667 0.900000 0.933333 0.966667 1.000000 1.033333
1.066667 1.100000 1.133333 1.166667 1.200000 1.233333 1.266667 1.300000</float_array><technique_common><accessor source="#mixamorig_Neck-Matrix-animation-input-array" count="40"><param name="TIME" type="float"/></accessor></technique_common></source><source id="mixamorig_Neck-Matrix-animation-output-transform"><float_array id="mixamorig_Neck-Matrix-animation-output-transform-array" count="640">

0.996250 0.076127 0.041116 -0.000000 -0.068415 0.984042 -0.164260 11.373300 -0.052965 0.160831 0.985560 0.000000 0.000000 0.000000 0.000000 1.000000
0.995711 0.075018 0.054153 0.000000 -0.065443 0.984793 -0.160932 11.373300 -0.065402 0.156698 0.985479 0.000000 0.000000 0.000000 0.000000 1.000000
0.994189 0.077170 0.075057 0.000000 -0.064915 0.985956 -0.153870 11.373300 -0.085878 0.148103 0.985236 0.000000 0.000000 0.000000 0.000000 1.000000
0.991452 0.086491 0.097680 0.000000 -0.071829 0.986858 -0.144749 11.373300 -0.108916 0.136496 0.984635 0.000000 0.000000 0.000000 0.000000 1.000000
0.987972 0.101960 0.116259 0.000000 -0.085636 0.986769 -0.137669 11.373300 -0.128758 0.126057 0.983632 0.000000 0.000000 0.000000 0.000000 1.000000
0.984975 0.116079 0.127869 0.000000 -0.098218 0.985538 -0.138088 11.373300 -0.142048 0.123454 0.982131 0.000000 0.000000 0.000000 0.000000 1.000000
0.983484 0.122793 0.132967 -0.000000 -0.102325 0.983203 -0.151133 11.373300 -0.149292 0.135031 0.979530 0.000000 0.000000 0.000000 0.000000 1.000000
0.982844 0.126243 0.134461 0.000000 -0.101253 0.978671 -0.178746 11.373300 -0.154159 0.162065 0.974664 -0.000000 0.000000 0.000000 0.000000 1.000000
0.980975 0.137839 0.136707 0.000000 -0.106745 0.971154 -0.213226 11.373300 -0.162154 0.194576 0.967391 0.000000 0.000000 0.000000 0.000000 1.000000
0.976456 0.161679 0.142803 0.000000 -0.125292 0.963968 -0.234666 11.373300 -0.175598 0.211249 0.961530 0.000000 0.000000 0.000000 0.000000 1.000000
0.971260 0.184387 0.150515 0.000000 -0.148296 0.963409 -0.223275 11.373300 -0.186176 0.194538 0.963065 0.000000 0.000000 0.000000 0.000000 1.000000
0.971034 0.184620 0.151686 -0.000000 -0.156470 0.971091 -0.180274 11.373300 -0.180583 0.151318 0.971850 0.000000 0.000000 0.000000 0.000000 1.000000
0.978122 0.155626 0.138049 -0.000000 -0.136880 0.981171 -0.136259 11.373300 -0.156655 0.114382 0.981008 -0.000000 0.000000 0.000000 0.000000 1.000000
0.986987 0.117336 0.109951 0.000000 -0.102781 0.986196 -0.129818 11.373300 -0.123665 0.116828 0.985423 -0.000000 0.000000 0.000000 0.000000 1.000000
0.991602 0.102157 0.079312 0.000000 -0.087648 0.981759 -0.168724 11.373300 -0.095102 0.160356 0.982467 -0.000000 0.000000 0.000000 0.000000 1.000000
0.990315 0.125292 0.059810 -0.000000 -0.109214 0.969008 -0.221578 11.373300 -0.085718 0.212900 0.973307 0.000000 0.000000 0.000000 0.000000 1.000000
0.983852 0.170567 0.054244 0.000000 -0.151501 0.954987 -0.255043 11.373300 -0.095304 0.242706 0.965407 0.000000 0.000000 0.000000 0.000000 1.000000
0.976817 0.206918 0.054894 0.000000 -0.185547 0.946230 -0.264993 11.373300 -0.106774 0.248664 0.962687 0.000000 0.000000 0.000000 0.000000 1.000000
0.974632 0.216722 0.055892 -0.000000 -0.194344 0.943350 -0.268928 11.373300 -0.111009 0.251243 0.961537 0.000000 0.000000 0.000000 0.000000 1.000000
0.976458 0.206625 0.061936 -0.000000 -0.181615 0.942429 -0.280790 11.373300 -0.116388 0.262931 0.957769 -0.000000 0.000000 0.000000 0.000000 1.000000
0.977371 0.194648 0.082808 0.000000 -0.162114 0.940736 -0.297884 11.373300 -0.135883 0.277719 0.951004 -0.000000 0.000000 0.000000 0.000000 1.000000
0.974238 0.190737 0.120332 0.000000 -0.145607 0.939443 -0.310234 11.373300 -0.172218 0.284720 0.943014 0.000000 0.000000 0.000000 0.000000 1.000000
0.967962 0.190487 0.163597 0.000000 -0.131937 0.940185 -0.314078 11.373300 -0.213639 0.282431 0.935196 0.000000 0.000000 0.000000 0.000000 1.000000
0.962649 0.184722 0.197949 0.000000 -0.116695 0.942791 -0.312294 11.373300 -0.244312 0.277530 0.929133 0.000000 0.000000 0.000000 0.000000 1.000000
0.961243 0.170902 0.216345 0.000000 -0.098813 0.946125 -0.308355 11.373300 -0.257388 0.275026 0.926343 0.000000 0.000000 0.000000 0.000000 1.000000
0.962809 0.154510 0.221643 0.000000 -0.082480 0.949269 -0.303456 11.373300 -0.257285 0.273889 0.926709 -0.000000 0.000000 0.000000 0.000000 1.000000
0.964978 0.141986 0.220586 0.000000 -0.072166 0.952101 -0.297146 11.373300 -0.252210 0.270820 0.929003 0.000000 0.000000 0.000000 0.000000 1.000000
0.966869 0.134352 0.217056 -0.000000 -0.067789 0.954897 -0.289095 11.373300 -0.246107 0.264803 0.932368 0.000000 0.000000 0.000000 0.000000 1.000000
0.969268 0.127213 0.210563 0.000000 -0.064960 0.957891 -0.279689 11.373300 -0.237277 0.257415 0.936716 0.000000 0.000000 0.000000 0.000000 1.000000
0.973126 0.115303 0.199325 0.000000 -0.058714 0.961239 -0.269393 11.373300 -0.222661 0.250450 0.942177 -0.000000 0.000000 0.000000 0.000000 1.000000
0.978299 0.096752 0.183220 0.000000 -0.047011 0.964867 -0.258497 11.373300 -0.201793 0.244274 0.948478 0.000000 0.000000 0.000000 0.000000 1.000000
0.983645 0.074210 0.164123 0.000000 -0.031781 0.968393 -0.247398 11.373300 -0.177294 0.238136 0.954913 -0.000000 0.000000 0.000000 0.000000 1.000000
0.988069 0.052950 0.144626 0.000000 -0.017417 0.971435 -0.236666 11.373300 -0.153026 0.231323 0.960767 -0.000000 0.000000 0.000000 0.000000 1.000000
0.991211 0.037892 0.126747 0.000000 -0.008236 0.973919 -0.226747 11.373300 -0.132033 0.223711 0.965671 0.000000 0.000000 0.000000 0.000000 1.000000
0.993313 0.031656 0.111032 0.000000 -0.006799 0.976046 -0.217458 11.373300 -0.115256 0.215249 0.969734 0.000000 0.000000 0.000000 0.000000 1.000000
0.994766 0.034373 0.096225 0.000000 -0.013707 0.978098 -0.207692 11.373300 -0.101257 0.205286 0.973450 -0.000000 0.000000 0.000000 0.000000 1.000000
0.995779 0.044159 0.080467 0.000000 -0.027617 0.980186 -0.196145 11.373300 -0.087535 0.193095 0.977268 -0.000000 0.000000 0.000000 0.000000 1.000000
0.996310 0.057314 0.063885 0.000000 -0.044753 0.982072 -0.183118 11.373300 -0.073235 0.179584 0.981013 0.000000 0.000000 0.000000 0.000000 1.000000
0.996372 0.069242 0.049481 -0.000000 -0.059833 0.983401 -0.171297 11.373300 -0.060521 0.167715 0.983976 0.000000 0.000000 0.000000 0.000000 1.000000
0.996250 0.076127 0.041116 -0.000000 -0.068415 0.984042 -0.164260 11.373300 -0.052965 0.160832 0.985560 0.000000 0.000000 0.000000 0.000000 1.000000</float_array><technique_common><accessor source="#mixamorig_Neck-Matrix-animation-output-transform-array" count="40" stride="16"><param type="float4x4"/></accessor></technique_common></source><source id="mixamorig_Neck-Interpolations"><Name_array id="mixamorig_Neck-Interpolations-array" count="40">
 LINEAR LINEAR LINEAR LINEAR LINEAR LINEAR LINEAR LINEAR LINEAR LINEAR LINEAR
LINEAR LINEAR LINEAR LINEAR LINEAR LINEAR LINEAR LINEAR LINEAR LINEAR LINEAR LINEAR
LINEAR LINEAR LINEAR LINEAR LINEAR LINEAR LINEAR LINEAR LINEAR LINEAR LINEAR LINEAR
