<?xml version="1.0" encoding="utf-8"?>
<COLLADA xmlns="http://www.collada.org/2005/11/COLLADASchema" version="1.4.1">
  <asset><contributor><author>Mixamo</author><authoring_tool>COLLADA Mixamo exporter</authoring_tool><comments></comments></contributor><created>2020-12-04T01:58:14Z</created><modified>2020-12-04T01:58:14Z</modified><revision></revision><title></title><unit meter="0.010000"/><up_axis>Y_UP</up_axis></asset>
  <library_animations>
    <animation id="mixamorig_Hips-anim" name="mixamorig_Hips"><source id="mixamorig_Hips-Matrix-animation-input"><float_array id="mixamorig_Hips-Matrix-animation-input-array" count="68">

0.000000 0.033333 0.066667 0.100000 0.133333 0.166667 0.200000 0.233333 0.266667 0.300000 0.333333 0.366667 0.400000 0.433333 0.466667 0.500000
0.533333 0.566667 0.600000 0.633333 0.666667 0.700000 0.733333 0.766667 0.800000 0.833333 0.866667 0.900000 0.933333 0.966667 1.000000 1.033333
1.066667 1.100000 1.133333 1.166667 1.200000 1.233333 1.266667 1.300000 1.333333 1.366667 1.400000 1.433333 1.466667 1.500000 1.533333 1.566667
1.600000 1.633333 1.666667 1.700000 1.733333 1.766667 1.800000 1.833333 1.866667 1.900000 1.933333 1.966667 2.000000 2.033333 2.066667 2.100000
2.133333 2.166667 2.200000 2.233333</float_array><technique_common><accessor source="#mixamorig_Hips-Matrix-animation-input-array" count="68"><param name="TIME" type="float"/></accessor></technique_common></source><source id="mixamorig_Hips-Matrix-animation-output-transform"><float_array id="mixamorig_Hips-Matrix-animation-output-transform-array" count="1088">

0.998387 0.050867 0.025210 0.164960 -0.020626 -0.088708 0.995844 14.522810 0.052892 -0.994758 -0.087516 2.538270 0.000000 0.000000 0.000000 1.000000
0.998360 0.049940 0.028003 0.187077 -0.023553 -0.087557 0.995881 14.532343 0.052186 -0.994907 -0.086237 2.740677 0.000000 0.000000 0.000000 1.000000
0.998430 0.048380 0.028236 0.202706 -0.024135 -0.083349 0.996228 14.427105 0.050551 -0.995345 -0.082050 2.960588 0.000000 0.000000 0.000000 1.000000
0.998600 0.046264 0.025629 0.217572 -0.022016 -0.076987 0.996789 14.301769 0.048088 -0.995958 -0.075861 3.172224 0.000000 0.000000 0.000000 1.000000
0.998779 0.043858 0.022757 0.256379 -0.019882 -0.064911 0.997693 14.236762 0.045234 -0.996927 -0.063960 3.372450 0.000000 0.000000 0.000000 1.000000
0.999013 0.040477 0.018298 0.306825 -0.016668 -0.040236 0.999051 14.204556 0.041174 -0.998370 -0.039522 3.599475 0.000000 0.000000 0.000000 1.000000
0.999230 0.037048 0.012950 0.306996 -0.012901 -0.001566 0.999916 14.096338 0.037065 -0.999312 -0.001087 3.953961 0.000000 0.000000 0.000000 1.000000
0.999224 0.037723 0.011328 0.233403 -0.013258 0.051314 0.998595 13.807132 0.037089 -0.997970 0.051775 4.553013 0.000000 0.000000 0.000000 1.000000
0.999036 0.042681 0.010294 0.122504 -0.015455 0.122419 0.992358 13.353499 0.041095 -0.991560 0.122961 5.379901 0.000000 0.000000 0.000000 1.000000
0.998887 0.046892 0.005144 -0.014995 -0.014857 0.209219 0.977756 12.919765 0.044773 -0.976744 0.209683 6.306098 0.000000 0.000000 0.000000 1.000000
0.998699 0.050989 -0.001000 -0.173917 -0.014263 0.298072 0.954437 12.757227 0.048964 -0.953181 0.298411 7.275903 0.000000 0.000000 0.000000 1.000000
0.998429 0.055643 -0.006538 -0.307987 -0.015270 0.382546 0.923810 12.872520 0.053905 -0.922259 0.382795 8.253683 0.000000 0.000000 0.000000 1.000000
0.998290 0.057387 -0.011111 -0.418883 -0.016943 0.466012 0.884616 13.077606 0.055944 -0.882916 0.466187 9.080061 0.000000 0.000000 0.000000 1.000000
0.998228 0.057525 -0.015210 -0.513660 -0.018651 0.545242 0.838071 13.308149 0.056503 -0.836303 0.545349 9.594186 0.000000 0.000000 0.000000 1.000000
0.998145 0.058102 -0.018177 -0.616553 -0.021393 0.614291 0.788790 13.540991 0.056996 -0.786938 0.614395 9.874573 0.000000 0.000000 0.000000 1.000000
0.998146 0.058182 -0.017891 -0.740106 -0.026079 0.674326 0.737974 13.719048 0.055002 -0.736138 0.674592 10.095369 0.000000 0.000000 0.000000 1.000000
0.998106 0.059282 -0.016407 -0.852878 -0.031933 0.727368 0.685504 13.847006 0.052571 -0.683683 0.727884 10.307552 0.000000 0.000000 0.000000 1.000000
0.998047 0.060599 -0.015151 -0.918779 -0.037338 0.773222 0.633036 13.965041 0.050076 -0.631234 0.773974 10.525655 0.000000 0.000000 0.000000 1.000000
0.998209 0.058420 -0.012847 -0.923174 -0.040110 0.813074 0.580777 14.098029 0.044375 -0.579222 0.813961 10.766681 0.000000 0.000000 0.000000 1.000000
0.998474 0.054626 -0.008157 -0.911630 -0.041974 0.846471 0.530778 14.200615 0.035899 -0.529626 0.847472 11.108768 0.000000 0.000000 0.000000 1.000000
0.998593 0.052951 -0.002801 -0.906874 -0.044977 0.873829 0.484149 14.244987 0.028084 -0.483342 0.874981 11.632852 0.000000 0.000000 0.000000 1.000000
0.998657 0.051815 -0.000140 -0.888147 -0.046475 0.896929 0.439726 14.294544 0.022910 -0.439128 0.898132 12.276114 0.000000 0.000000 0.000000 1.000000
0.998755 0.049886 -0.000549 -0.871119 -0.045541 0.916150 0.398240 14.356125 0.020369 -0.397719 0.917281 12.982707 0.000000 0.000000 0.000000 1.000000
0.998819 0.048536 -0.002039 -0.888490 -0.044575 0.932377 0.358730 14.419113 0.019313 -0.358215 0.933439 13.720629 0.000000 0.000000 0.000000 1.000000
0.998807 0.048642 -0.004367 -0.949538 -0.044694 0.946453 0.319732 14.491614 0.019685 -0.319156 0.947498 14.416637 0.000000 0.000000 0.000000 1.000000
0.998739 0.049479 -0.008476 -1.030649 -0.045140 0.959047 0.279628 14.559381 0.021965 -0.278893 0.960071 15.008968 0.000000 0.000000 0.000000 1.000000
0.998571 0.051393 -0.014673 -1.113029 -0.046435 0.970164 0.237962 14.635846 0.026465 -0.236940 0.971164 15.497938 0.000000 0.000000 0.000000 1.000000
0.998328 0.054450 -0.019377 -1.189731 -0.049584 0.979176 0.196863 14.726582 0.029693 -0.195573 0.980239 15.892650 0.000000 0.000000 0.000000 1.000000
0.998110 0.057598 -0.021442 -1.252176 -0.053523 0.986085 0.157387 14.803695 0.030209 -0.155942 0.987304 16.197786 0.000000 0.000000 0.000000 1.000000
0.997954 0.059773 -0.022680 -1.293482 -0.056649 0.991196 0.119672 14.881314 0.029633 -0.118142 0.992554 16.443504 0.000000 0.000000 0.000000 1.000000
0.997888 0.060940 -0.022475 -1.322701 -0.058788 0.994523 0.086414 14.992451 0.027618 -0.084910 0.996006 16.688591 0.000000 0.000000 0.000000 1.000000
0.997863 0.061894 -0.020946 -1.333168 -0.060535 0.996344 0.060277 15.089455 0.024601 -0.058880 0.997962 16.940130 0.000000 0.000000 0.000000 1.000000
0.997855 0.062445 -0.019653 -1.319526 -0.061576 0.997214 0.042092 15.101141 0.022226 -0.040792 0.998920 17.162550 0.000000 0.000000 0.000000 1.000000
0.997891 0.062198 -0.018556 -1.300514 -0.061579 0.997582 0.032234 15.049765 0.020516 -0.031024 0.999308 17.336140 0.000000 0.000000 0.000000 1.000000
0.997966 0.061586 -0.016481 -1.299640 -0.061040 0.997629 0.031787 14.983393 0.018399 -0.030716 0.999359 17.434742 0.000000 0.000000 0.000000 1.000000
0.998035 0.061039 -0.014150 -1.326992 -0.060415 0.997334 0.040927 14.924106 0.016610 -0.039992 0.999062 17.428217 0.000000 0.000000 0.000000 1.000000
0.998082 0.060566 -0.012817 -1.364217 -0.059716 0.996489 0.058685 14.887075 0.016327 -0.057807 0.998194 17.303566 0.000000 0.000000 0.000000 1.000000
0.998125 0.060084 -0.011713 -1.395651 -0.058878 0.994645 0.084941 14.864581 0.016753 -0.084092 0.996317 17.084187 0.000000 0.000000 0.000000 1.000000
0.998162 0.059607 -0.010940 -1.416730 -0.057904 0.991314 0.118084 14.837732 0.017884 -0.117234 0.992943 16.802853 0.000000 0.000000 0.000000 1.000000
0.998162 0.059455 -0.011726 -1.426516 -0.056903 0.986104 0.156080 14.803263 0.020843 -0.155126 0.987675 16.482092 0.000000 0.000000 0.000000 1.000000
0.998116 0.060038 -0.012615 -1.431358 -0.056316 0.978225 0.199761 14.760095 0.024333 -0.198674 0.979763 16.131718 0.000000 0.000000 0.000000 1.000000
0.998042 0.061168 -0.013045 -1.439612 -0.056012 0.966957 0.248710 14.684736 0.027827 -0.247493 0.968490 15.717087 0.000000 0.000000 0.000000 1.000000
0.997976 0.062122 -0.013626 -1.430573 -0.055259 0.953037 0.297771 14.575504 0.031484 -0.296416 0.954540 15.225795 0.000000 0.000000 0.000000 1.000000
0.997979 0.062319 -0.012436 -1.319789 -0.054278 0.937700 0.343179 14.469624 0.033048 -0.341810 0.939188 14.687439 0.000000 0.000000 0.000000 1.000000
0.997988 0.062680 -0.009599 -1.100506 -0.054066 0.920200 0.387697 14.394156 0.033134 -0.386398 0.921737 14.083519 0.000000 0.000000 0.000000 1.000000
0.997892 0.064368 -0.008208 -0.890807 -0.054420 0.899058 0.434435 14.332012 0.035344 -0.433072 0.900666 13.402185 0.000000 0.000000 0.000000 1.000000
0.997788 0.065782 -0.009538 -0.780838 -0.052933 0.873149 0.484571 14.256132 0.040204 -0.482994 0.874700 12.713333 0.000000 0.000000 0.000000 1.000000
0.997738 0.066304 -0.011035 -0.704861 -0.050050 0.842434 0.536469 14.164321 0.044866 -0.534704 0.843848 12.047194 0.000000 0.000000 0.000000 1.000000
0.997573 0.068747 -0.011020 -0.624629 -0.049081 0.806619 0.589030 14.059572 0.049383 -0.587060 0.808036 11.416193 0.000000 0.000000 0.000000 1.000000
0.997262 0.073378 -0.009229 -0.564101 -0.050294 0.764388 0.642791 13.934752 0.054221 -0.640567 0.765986 10.815535 0.000000 0.000000 0.000000 1.000000
0.997051 0.076558 -0.005211 -0.504574 -0.051450 0.717353 0.694808 13.774273 0.056932 -0.692491 0.719176 10.190893 0.000000 0.000000 0.000000 1.000000
0.997090 0.076236 0.000401 -0.422930 -0.051079 0.664142 0.745859 13.562366 0.056595 -0.743709 0.666104 9.575428 0.000000 0.000000 0.000000 1.000000
0.997261 0.073759 0.005464 -0.311833 -0.048809 0.600815 0.797897 13.363689 0.055569 -0.795978 0.602770 8.954563 0.000000 0.000000 0.000000 1.000000
0.997419 0.071099 0.010031 -0.202497 -0.046429 0.532055 0.845436 13.174545 0.054773 -0.843719 0.533983 8.269711 0.000000 0.000000 0.000000 1.000000
0.997518 0.069079 0.013631 -0.120432 -0.044219 0.463939 0.884763 12.960000 0.054795 -0.883169 0.465842 7.524682 0.000000 0.000000 0.000000 1.000000
0.997659 0.066539 0.015801 -0.056955 -0.040692 0.391862 0.919123 12.835384 0.054966 -0.917615 0.393653 6.794776 0.000000 0.000000 0.000000 1.000000
0.997783 0.063970 0.018358 0.000341 -0.037659 0.315267 0.948255 12.888865 0.054873 -0.946844 0.316977 6.152998 0.000000 0.000000 0.000000 1.000000
0.997926 0.060683 0.021484 0.077512 -0.035581 0.241825 0.969667 13.001713 0.053647 -0.968421 0.243482 5.643750 0.000000 0.000000 0.000000 1.000000
0.998090 0.056567 0.024846 0.177957 -0.034382 0.174407 0.984073 13.051849 0.051333 -0.983047 0.176019 5.224576 0.000000 0.000000 0.000000 1.000000
0.998218 0.052861 0.027700 0.257914 -0.033455 0.111305 0.993223 13.090128 0.049420 -0.992379 0.112875 4.837713 0.000000 0.000000 0.000000 1.000000
0.998415 0.050091 0.025662 0.287947 -0.028415 0.055047 0.998079 13.205475 0.048583 -0.997227 0.056383 4.443189 0.000000 0.000000 0.000000 1.000000
0.998527 0.048742 0.023827 0.296071 -0.024260 0.008310 0.999671 13.404705 0.048528 -0.998777 0.009480 4.019138 0.000000 0.000000 0.000000 1.000000
0.998427 0.048425 0.028244 0.313446 -0.026934 -0.027483 0.999259 13.678308 0.049165 -0.998449 -0.026136 3.586217 0.000000 0.000000 0.000000 1.000000
0.998329 0.048646 0.031181 0.325432 -0.028652 -0.051842 0.998244 13.987851 0.050177 -0.997470 -0.050362 3.183053 0.000000 0.000000 0.000000 1.000000
0.998308 0.048819 0.031603 0.302316 -0.028207 -0.068749 0.997235 14.234350 0.050857 -0.996439 -0.067255 2.851923 0.000000 0.000000 0.000000 1.000000
0.998302 0.049255 0.031107 0.251979 -0.027061 -0.080767 0.996366 14.382364 0.051588 -0.995515 -0.079297 2.638513 0.000000 0.000000 0.000000 1.000000
0.998339 0.050272 0.028136 0.199031 -0.023677 -0.087191 0.995910 14.478025 0.052519 -0.994922 -0.085856 2.547806 0.000000 0.000000 0.000000 1.000000
0.998387 0.050867 0.025210 0.164960 -0.020626 -0.088708 0.995844 14.522810 0.052892 -0.994758 -0.087516 2.538270 0.000000 0.000000 0.000000 1.000000</float_array><technique_common><accessor source="#mixamorig_Hips-Matrix-animation-output-transform-array" count="68" stride="16"><param type="float4x4"/></accessor></technique_common></source><source id="mixamorig_Hips-Interpolations"><Name_array id="mixamorig_Hips-Interpolations-array" count="68">
 LINEAR LINEAR LINEAR LINEAR LINEAR LINEAR LINEAR LINEAR LINEAR LINEAR LINEAR
LINEAR LINEAR LINEAR LINEAR LINEAR LINEAR LINEAR LINEAR LINEAR LINEAR LINEAR LINEAR
LINEAR LINEAR LINEAR LINEAR LINEAR LINEAR LINEAR LINEAR LINEAR LINEAR LINEAR LINEAR
LINEAR LINEAR LINEAR LINEAR LINEAR LINEAR LINEAR LINEAR LINEAR LINEAR LINEAR LINEAR
LINEAR LINEAR LINEAR LINEAR LINEAR LINEAR LINEAR LINEAR LINEAR LINEAR LINEAR LINEAR
LINEAR LINEAR LINEAR LINEAR LINEAR LINEAR LINEAR LINEAR LINEAR</Name_array><technique_common><accessor source="#mixamorig_Hips-Interpolations-array" count="68"><param type="name"/></accessor></technique_common></source><sampler id="mixamorig_Hips-Matrix-animation-transform"><input semantic="INPUT" source="#mixamorig_Hips-Matrix-animation-input"/><input semantic="OUTPUT" source="#mixamorig_Hips-Matrix-animation-output-transform"/><input semantic="INTERPOLATION" source="#mixamorig_Hips-Interpolations"/></sampler><channel source="#mixamorig_Hips-Matrix-animation-transform" target="mixamorig_Hips/matrix"/></animation>
    <animation id="mixamorig_Spine-anim" name="mixamorig_Spine"><source id="mixamorig_Spine-Matrix-animation-input"><float_array id="mixamorig_Spine-Matrix-animation-input-array" count="68">

0.000000 0.033333 0.066667 0.100000 0.133333 0.166667 0.200000 0.233333 0.266667 0.300000 0.333333 0.366667 0.400000 0.433333 0.466667 0.500000
0.533333 0.566667 0.600000 0.633333 0.666667 0.700000 0.733333 0.766667 0.800000 0.833333 0.866667 0.900000 0.933333 0.966667 1.000000 1.033333
1.066667 1.100000 1.133333 1.166667 1.200000 1.233333 1.266667 1.300000 1.333333 1.366667 1.400000 1.433333 1.466667 1.500000 1.533333 1.566667
1.600000 1.633333 1.666667 1.700000 1.733333 1.766667 1.800000 1.833333 1.866667 1.900000 1.933333 1.966667 2.000000 2.033333 2.066667 2.100000
2.133333 2.166667 2.200000 2.233333</float_array><technique_common><accessor source="#mixamorig_Spine-Matrix-animation-input-array" count="68"><param name="TIME" type="float"/></accessor></technique_common></source><source id="mixamorig_Spine-Matrix-animation-output-transform"><float_array id="mixamorig_Spine-Matrix-animation-output-transform-array" count="1088">

0.999877 0.003813 -0.015240 -0.000000 -0.001876 0.992142 0.125100 7.463500 0.015597 -0.125056 0.992027 -1.336300 0.000000 0.000000 0.000000 1.000000
0.999883 0.004231 -0.014722 0.000000 -0.002352 0.992105 0.125387 7.463500 0.015137 -0.125338 0.991999 -1.336300 0.000000 0.000000 0.000000 1.000000
0.999903 0.004269 -0.013248 -0.000000 -0.002581 0.992169 0.124873 7.463500 0.013678 -0.124827 0.992084 -1.336300 0.000000 0.000000 0.000000 1.000000
0.999923 0.003803 -0.011824 0.000000 -0.002317 0.992375 0.123234 7.463500 0.012202 -0.123197 0.992307 -1.336300 0.000000 0.000000 0.000000 1.000000
0.999926 0.002200 -0.011983 0.000000 -0.000753 0.992843 0.119422 7.463500 0.012160 -0.119404 0.992771 -1.336300 0.000000 0.000000 0.000000 1.000000
0.999903 -0.001082 -0.013910 0.000000 0.002640 0.993646 0.112523 7.463500 0.013700 -0.112549 0.993552 -1.336300 0.000000 0.000000 0.000000 1.000000
0.999878 -0.004891 -0.014846 0.000000 0.006392 0.994682 0.102798 7.463500 0.014264 -0.102880 0.994591 -1.336300 0.000000 0.000000 0.000000 1.000000
0.999913 -0.005361 -0.012041 0.000000 0.006453 0.995689 0.092527 7.463500 0.011493 -0.092597 0.995637 -1.336300 0.000000 0.000000 0.000000 1.000000
0.999971 -0.001583 -0.007397 0.000000 0.002207 0.996372 0.085078 7.463500 0.007236 -0.085092 0.996347 -1.336300 0.000000 0.000000 0.000000 1.000000
0.999990 0.001270 -0.004276 -0.000000 -0.000925 0.996804 0.079879 7.463500 0.004364 -0.079874 0.996795 -1.336300 0.000000 0.000000 0.000000 1.000000
0.999997 0.001735 -0.001530 0.000000 -0.001617 0.997266 0.073876 7.463500 0.001654 -0.073873 0.997266 -1.336300 0.000000 0.000000 0.000000 1.000000
0.999996 0.002049 0.001768 -0.000000 -0.002163 0.997762 0.066829 7.463500 -0.001627 -0.066832 0.997763 -1.336300 0.000000 0.000000 0.000000 1.000000
0.999987 0.001786 0.004729 0.000000 -0.002064 0.998238 0.059296 7.463500 -0.004615 -0.059305 0.998229 -1.336300 0.000000 0.000000 0.000000 1.000000
0.999973 0.002099 0.006985 0.000000 -0.002462 0.998622 0.052417 7.463500 -0.006865 -0.052433 0.998601 -1.336300 0.000000 0.000000 0.000000 1.000000
0.999960 0.002715 0.008540 0.000000 -0.003123 0.998837 0.048107 7.463500 -0.008400 -0.048132 0.998806 -1.336300 0.000000 0.000000 0.000000 1.000000
0.999948 0.001976 0.010018 -0.000000 -0.002433 0.998944 0.045885 7.463500 -0.009917 -0.045907 0.998896 -1.336300 0.000000 0.000000 0.000000 1.000000
0.999927 0.001343 0.011971 0.000000 -0.001871 0.999020 0.044231 7.463500 -0.011900 -0.044250 0.998950 -1.336300 0.000000 0.000000 0.000000 1.000000
0.999905 0.001860 0.013655 0.000000 -0.002447 0.999067 0.043120 7.463500 -0.013562 -0.043149 0.998977 -1.336300 0.000000 0.000000 0.000000 1.000000
0.999897 0.003277 0.013988 0.000000 -0.003877 0.999064 0.043083 7.463500 -0.013834 -0.043133 0.998974 -1.336300 0.000000 0.000000 0.000000 1.000000
0.999890 0.004369 0.014145 0.000000 -0.004970 0.999076 0.042695 7.463500 -0.013945 -0.042761 0.998988 -1.336300 0.000000 0.000000 0.000000 1.000000
0.999877 0.004430 0.015029 0.000000 -0.005056 0.999111 0.041850 7.463500 -0.014831 -0.041921 0.999011 -1.336300 0.000000 0.000000 0.000000 1.000000
0.999868 0.004512 0.015600 0.000000 -0.005158 0.999119 0.041640 7.463500 -0.015398 -0.041715 0.999011 -1.336300 0.000000 0.000000 0.000000 1.000000
0.999868 0.004958 0.015457 0.000000 -0.005595 0.999126 0.041422 7.463500 -0.015238 -0.041503 0.999022 -1.336300 0.000000 0.000000 0.000000 1.000000
0.999871 0.005314 0.015135 0.000000 -0.005929 0.999148 0.040845 7.463500 -0.014905 -0.040929 0.999051 -1.336300 0.000000 0.000000 0.000000 1.000000
0.999863 0.005668 0.015569 0.000000 -0.006284 0.999188 0.039810 7.463500 -0.015330 -0.039903 0.999086 -1.336300 0.000000 0.000000 0.000000 1.000000
0.999839 0.006295 0.016818 0.000000 -0.006941 0.999229 0.038631 7.463500 -0.016562 -0.038741 0.999112 -1.336300 0.000000 0.000000 0.000000 1.000000
0.999813 0.006908 0.018047 0.000000 -0.007576 0.999279 0.037209 7.463500 -0.017777 -0.037339 0.999145 -1.336300 0.000000 0.000000 0.000000 1.000000
0.999796 0.007666 0.018712 0.000000 -0.008315 0.999358 0.034844 7.463500 -0.018433 -0.034992 0.999218 -1.336300 0.000000 0.000000 0.000000 1.000000
0.999767 0.008687 0.019764 0.000000 -0.009317 0.999446 0.031966 7.463500 -0.019476 -0.032143 0.999294 -1.336300 0.000000 0.000000 0.000000 1.000000
0.999733 0.009553 0.021041 0.000000 -0.010168 0.999519 0.029302 7.463500 -0.020751 -0.029508 0.999349 -1.336300 0.000000 0.000000 0.000000 1.000000
0.999707 0.009935 0.022075 0.000000 -0.010521 0.999591 0.026576 7.463500 -0.021801 -0.026800 0.999403 -1.336300 0.000000 0.000000 0.000000 1.000000
0.999686 0.010167 0.022910 0.000000 -0.010716 0.999656 0.023957 7.463500 -0.022658 -0.024195 0.999450 -1.336300 0.000000 0.000000 0.000000 1.000000
0.999668 0.010309 0.023593 -0.000000 -0.010833 0.999695 0.022179 7.463500 -0.023358 -0.022427 0.999476 -1.336300 0.000000 0.000000 0.000000 1.000000
0.999663 0.010085 0.023926 0.000000 -0.010601 0.999712 0.021532 7.463500 -0.023702 -0.021778 0.999482 -1.336300 0.000000 0.000000 0.000000 1.000000
0.999665 0.009634 0.024014 0.000000 -0.010157 0.999711 0.021774 7.463500 -0.023797 -0.022011 0.999474 -1.336300 0.000000 0.000000 0.000000 1.000000
0.999666 0.009227 0.024147 0.000000 -0.009778 0.999692 0.022805 7.463500 -0.023929 -0.023034 0.999448 -1.336300 0.000000 0.000000 0.000000 1.000000
0.999668 0.008719 0.024247 0.000000 -0.009314 0.999656 0.024537 7.463500 -0.024025 -0.024755 0.999405 -1.336300 0.000000 0.000000 0.000000 1.000000
0.999674 0.007826 0.024302 0.000000 -0.008473 0.999609 0.026649 7.463500 -0.024084 -0.026846 0.999349 -1.336300 0.000000 0.000000 0.000000 1.000000
0.999689 0.006851 0.023988 0.000000 -0.007558 0.999537 0.029474 7.463500 -0.023775 -0.029646 0.999278 -1.336300 0.000000 0.000000 0.000000 1.000000
0.999713 0.006209 0.023136 -0.000000 -0.006975 0.999425 0.033181 7.463500 -0.022917 -0.033333 0.999182 -1.336300 0.000000 0.000000 0.000000 1.000000
0.999734 0.005428 0.022396 0.000000 -0.006239 0.999320 0.036333 7.463500 -0.022184 -0.036463 0.999089 -1.336300 0.000000 0.000000 0.000000 1.000000
0.999751 0.004470 0.021865 -0.000000 -0.005304 0.999256 0.038208 7.463500 -0.021678 -0.038314 0.999031 -1.336300 0.000000 0.000000 0.000000 1.000000
0.999771 0.003782 0.021065 0.000000 -0.004637 0.999160 0.040705 7.463500 -0.020893 -0.040794 0.998949 -1.336300 0.000000 0.000000 0.000000 1.000000
0.999812 0.002939 0.019170 -0.000000 -0.003801 0.998975 0.045116 7.463500 -0.019018 -0.045181 0.998798 -1.336300 0.000000 0.000000 0.000000 1.000000
0.999872 0.001886 0.015868 0.000000 -0.002675 0.998755 0.049809 7.463500 -0.015754 -0.049845 0.998633 -1.336300 0.000000 0.000000 0.000000 1.000000
0.999918 0.001201 0.012759 -0.000000 -0.001880 0.998577 0.053287 7.463500 -0.012677 -0.053306 0.998498 -1.336300 0.000000 0.000000 0.000000 1.000000
0.999930 0.001236 0.011783 -0.000000 -0.001873 0.998528 0.054202 7.463500 -0.011698 -0.054220 0.998460 -1.336300 0.000000 0.000000 0.000000 1.000000
0.999934 0.002065 0.011285 0.000000 -0.002665 0.998571 0.053375 7.463500 -0.011159 -0.053401 0.998511 -1.336300 0.000000 0.000000 0.000000 1.000000
0.999943 0.002313 0.010425 0.000000 -0.002853 0.998639 0.052079 7.463500 -0.010290 -0.052106 0.998589 -1.336300 0.000000 0.000000 0.000000 1.000000
0.999949 0.000969 0.010044 0.000000 -0.001470 0.998749 0.049981 7.463500 -0.009983 -0.049994 0.998700 -1.336300 0.000000 0.000000 0.000000 1.000000
0.999952 -0.000537 0.009746 0.000000 0.000055 0.998779 0.049399 7.463500 -0.009761 -0.049396 0.998732 -1.336300 0.000000 0.000000 0.000000 1.000000
0.999962 -0.001810 0.008483 0.000000 0.001379 0.998720 0.050559 7.463500 -0.008564 -0.050545 0.998685 -1.336300 0.000000 0.000000 0.000000 1.000000
0.999974 -0.003197 0.006537 -0.000000 0.002858 0.998682 0.051236 7.463500 -0.006692 -0.051216 0.998665 -1.336300 0.000000 0.000000 0.000000 1.000000
0.999978 -0.004438 0.004988 -0.000000 0.004169 0.998600 0.052728 7.463500 -0.005215 -0.052706 0.998596 -1.336300 0.000000 0.000000 0.000000 1.000000
0.999979 -0.005211 0.003848 -0.000000 0.004982 0.998352 0.057172 7.463500 -0.004140 -0.057152 0.998357 -1.336300 0.000000 0.000000 0.000000 1.000000
0.999988 -0.004516 0.001681 -0.000000 0.004399 0.997942 0.063966 7.463500 -0.001966 -0.063958 0.997951 -1.336300 0.000000 0.000000 0.000000 1.000000
0.999991 -0.004057 -0.001177 0.000000 0.004133 0.997301 0.073305 7.463500 0.000876 -0.073310 0.997309 -1.336300 0.000000 0.000000 0.000000 1.000000
0.999985 -0.003810 -0.003869 -0.000000 0.004124 0.996420 0.084440 7.463500 0.003533 -0.084455 0.996421 -1.336300 0.000000 0.000000 0.000000 1.000000
0.999977 -0.002988 -0.006121 -0.000000 0.003565 0.995338 0.096380 7.463500 0.005804 -0.096400 0.995326 -1.336300 0.000000 0.000000 0.000000 1.000000
0.999959 -0.003685 -0.008232 0.000000 0.004544 0.994263 0.106869 7.463500 0.007790 -0.106902 0.994239 -1.336300 0.000000 0.000000 0.000000 1.000000
0.999924 -0.004883 -0.011301 0.000000 0.006122 0.993655 0.112300 7.463500 0.010681 -0.112361 0.993610 -1.336300 0.000000 0.000000 0.000000 1.000000
0.999897 -0.003659 -0.013908 -0.000000 0.005221 0.993472 0.113955 7.463500 0.013401 -0.114015 0.993389 -1.336300 0.000000 0.000000 0.000000 1.000000
0.999897 -0.001543 -0.014276 0.000000 0.003191 0.993230 0.116119 7.463500 0.014000 -0.116153 0.993133 -1.336300 0.000000 0.000000 0.000000 1.000000
0.999898 0.000635 -0.014303 -0.000000 0.001080 0.992824 0.119581 7.463500 0.014276 -0.119584 0.992721 -1.336300 0.000000 0.000000 0.000000 1.000000
0.999890 0.002059 -0.014675 -0.000000 -0.000254 0.992536 0.121953 7.463500 0.014817 -0.121936 0.992427 -1.336300 0.000000 0.000000 0.000000 1.000000
0.999888 0.002587 -0.014741 -0.000000 -0.000759 0.992444 0.122698 7.463500 0.014947 -0.122673 0.992335 -1.336300 0.000000 0.000000 0.000000 1.000000
0.999883 0.003238 -0.014929 0.000000 -0.001361 0.992274 0.124055 7.463500 0.015215 -0.124021 0.992163 -1.336300 0.000000 0.000000 0.000000 1.000000
0.999877 0.003813 -0.015240 -0.000000 -0.001876 0.992142 0.125100 7.463500 0.015597 -0.125056 0.992027 -1.336300 0.000000 0.000000 0.000000 1.000000</float_array><technique_common><accessor source="#mixamorig_Spine-Matrix-animation-output-transform-array" count="68" stride="16"><param type="float4x4"/></accessor></technique_common></source><source id="mixamorig_Spine-Interpolations"><Name_array id="mixamorig_Spine-Interpolations-array" count="68">
 LINEAR LINEAR LINEAR LINEAR LINEAR LINEAR LINEAR LINEAR LINEAR LINEAR LINEAR
LINEAR LINEAR LINEAR LINEAR LINEAR LINEAR LINEAR LINEAR LINEAR LINEAR LINEAR LINEAR
LINEAR LINEAR LINEAR LINEAR LINEAR LINEAR LINEAR LINEAR LINEAR LINEAR LINEAR LINEAR
LINEAR LINEAR LINEAR LINEAR LINEAR LINEAR LINEAR LINEAR LINEAR LINEAR LINEAR LINEAR
LINEAR LINEAR LINEAR LINEAR LINEAR LINEAR LINEAR LINEAR LINEAR LINEAR LINEAR LINEAR
LINEAR LINEAR LINEAR LINEAR LINEAR LINEAR LINEAR LINEAR LINEAR</Name_array><technique_common><accessor source="#mixamorig_Spine-Interpolations-array" count="68"><param type="name"/></accessor></technique_common></source><sampler id="mixamorig_Spine-Matrix-animation-transform"><input semantic="INPUT" source="#mixamorig_Spine-Matrix-animation-input"/><input semantic="OUTPUT" source="#mixamorig_Spine-Matrix-animation-output-transform"/><input semantic="INTERPOLATION" source="#mixamorig_Spine-Interpolations"/></sampler><channel source="#mixamorig_Spine-Matrix-animation-transform" target="mixamorig_Spine/matrix"/></animation>
    <animation id="mixamorig_Spine1-anim" name="mixamorig_Spine1"><source id="mixamorig_Spine1-Matrix-animation-input"><float_array id="mixamorig_Spine1-Matrix-animation-input-array" count="68">

0.000000 0.033333 0.066667 0.100000 0.133333 0.166667 0.200000 0.233333 0.266667 0.300000 0.333333 0.366667 0.400000 0.433333 0.466667 0.500000
0.533333 0.566667 0.600000 0.633333 0.666667 0.700000 0.733333 0.766667 0.800000 0.833333 0.866667 0.900000 0.933333 0.966667 1.000000 1.033333
1.066667 1.100000 1.133333 1.166667 1.200000 1.233333 1.266667 1.300000 1.333333 1.366667 1.400000 1.433333 1.466667 1.500000 1.533333 1.566667
1.600000 1.633333 1.666667 1.700000 1.733333 1.766667 1.800000 1.833333 1.866667 1.900000 1.933333 1.966667 2.000000 2.033333 2.066667 2.100000
2.133333 2.166667 2.200000 2.233333</float_array><technique_common><accessor source="#mixamorig_Spine1-Matrix-animation-input-array" count="68"><param name="TIME" type="float"/></accessor></technique_common></source><source id="mixamorig_Spine1-Matrix-animation-output-transform"><float_array id="mixamorig_Spine1-Matrix-animation-output-transform-array" count="1088">

0.999925 -0.004958 -0.011170 0.000000 0.004329 0.998442 -0.055637 8.845900 0.011428 0.055585 0.998389 0.000000 0.000000 0.000000 0.000000 1.000000
0.999932 -0.004673 -0.010639 0.000000 0.004085 0.998498 -0.054636 8.845900 0.010878 0.054589 0.998450 0.000000 0.000000 0.000000 0.000000 1.000000
0.999947 -0.004765 -0.009125 -0.000000 0.004255 0.998468 -0.055171 8.845900 0.009374 0.055129 0.998435 -0.000000 0.000000 0.000000 0.000000 1.000000
0.999953 -0.005524 -0.008027 -0.000000 0.005049 0.998302 -0.058032 8.845900 0.008334 0.057989 0.998282 0.000000 0.000000 0.000000 0.000000 1.000000
0.999930 -0.007124 -0.009449 0.000000 0.006510 0.997964 -0.063447 8.845900 0.009881 0.063381 0.997940 0.000000 0.000000 0.000000 0.000000 1.000000
0.999865 -0.009376 -0.013507 -0.000000 0.008387 0.997410 -0.071440 8.845900 0.014142 0.071317 0.997353 -0.000000 0.000000 0.000000 0.000000 1.000000
0.999807 -0.011436 -0.016000 0.000000 0.010082 0.996560 -0.082263 8.845900 0.016886 0.082085 0.996482 -0.000000 0.000000 0.000000 0.000000 1.000000
0.999846 -0.011845 -0.012941 -0.000000 0.010573 0.995485 -0.094331 8.845900 0.014000 0.094179 0.995457 0.000000 0.000000 0.000000 0.000000 1.000000
0.999915 -0.010677 -0.007493 -0.000000 0.009845 0.994576 -0.103544 8.845900 0.008558 0.103461 0.994597 0.000000 0.000000 0.000000 0.000000 1.000000
0.999942 -0.009776 -0.004531 -0.000000 0.009223 0.993975 -0.109215 8.845900 0.005572 0.109167 0.994008 0.000000 0.000000 0.000000 0.000000 1.000000
0.999950 -0.009787 -0.001894 0.000000 0.009506 0.993399 -0.114320 8.845900 0.003000 0.114296 0.993442 -0.000000 0.000000 0.000000 0.000000 1.000000
0.999952 -0.009651 0.001647 -0.000000 0.009779 0.992743 -0.119860 8.845900 -0.000478 0.119870 0.992789 0.000000 0.000000 0.000000 0.000000 1.000000
0.999946 -0.009206 0.004789 0.000000 0.009736 0.992007 -0.125808 8.845900 -0.003592 0.125847 0.992043 -0.000000 0.000000 0.000000 0.000000 1.000000
0.999939 -0.008398 0.007185 0.000000 0.009275 0.991180 -0.132200 8.845900 -0.006012 0.132259 0.991197 -0.000000 0.000000 0.000000 0.000000 1.000000
0.999935 -0.007452 0.008642 0.000000 0.008575 0.990365 -0.138219 8.845900 -0.007529 0.138284 0.990364 0.000000 0.000000 0.000000 0.000000 1.000000
0.999927 -0.006798 0.010005 0.000000 0.008158 0.989703 -0.142905 8.845900 -0.008930 0.142976 0.989686 0.000000 0.000000 0.000000 0.000000 1.000000
0.999907 -0.006376 0.012057 -0.000000 0.008081 0.989090 -0.147090 8.845900 -0.010987 0.147174 0.989050 0.000000 0.000000 0.000000 0.000000 1.000000
0.999887 -0.005928 0.013793 -0.000000 0.007940 0.988543 -0.150731 8.845900 -0.012741 0.150823 0.988479 -0.000000 0.000000 0.000000 0.000000 1.000000
0.999897 -0.004601 0.013631 0.000000 0.006629 0.988262 -0.152622 8.845900 -0.012768 0.152697 0.988191 -0.000000 0.000000 0.000000 0.000000 1.000000
0.999906 -0.002868 0.013400 -0.000000 0.004902 0.988011 -0.154304 8.845900 -0.012797 0.154355 0.987933 -0.000000 0.000000 0.000000 0.000000 1.000000
0.999891 -0.002179 0.014608 0.000000 0.004432 0.987745 -0.156014 8.845900 -0.014089 0.156061 0.987647 0.000000 0.000000 0.000000 0.000000 1.000000
0.999879 -0.001847 0.015468 0.000000 0.004255 0.987570 -0.157120 8.845900 -0.014986 0.157167 0.987458 0.000000 0.000000 0.000000 0.000000 1.000000
0.999883 -0.001155 0.015220 -0.000000 0.003558 0.987300 -0.158826 8.845900 -0.014844 0.158862 0.987189 0.000000 0.000000 0.000000 0.000000 1.000000
0.999885 -0.000630 0.015130 0.000000 0.003059 0.986941 -0.161055 8.845900 -0.014831 0.161082 0.986830 0.000000 0.000000 0.000000 0.000000 1.000000
0.999866 -0.000083 0.016397 0.000000 0.002763 0.986539 -0.163500 8.845900 -0.016163 0.163523 0.986407 0.000000 0.000000 0.000000 0.000000 1.000000
0.999824 0.000889 0.018763 0.000000 0.002236 0.986143 -0.165882 8.845900 -0.018650 0.165894 0.985967 0.000000 0.000000 0.000000 0.000000 1.000000
0.999794 0.001775 0.020195 0.000000 0.001652 0.985708 -0.168456 8.845900 -0.020205 0.168455 0.985502 0.000000 0.000000 0.000000 0.000000 1.000000
0.999783 0.002496 0.020686 -0.000000 0.001100 0.985096 -0.172004 8.845900 -0.020807 0.171990 0.984879 0.000000 0.000000 0.000000 0.000000 1.000000
0.999752 0.003429 0.021998 0.000000 0.000500 0.984357 -0.176186 8.845900 -0.022258 0.176154 0.984111 0.000000 0.000000 0.000000 0.000000 1.000000
0.999712 0.004447 0.023586 0.000000 -0.000128 0.983656 -0.180059 8.845900 -0.024001 0.180005 0.983373 0.000000 0.000000 0.000000 0.000000 1.000000
0.999680 0.005198 0.024748 0.000000 -0.000568 0.983014 -0.183532 8.845900 -0.025282 0.183459 0.982702 0.000000 0.000000 0.000000 0.000000 1.000000
0.999650 0.005578 0.025879 0.000000 -0.000653 0.982448 -0.186533 8.845900 -0.026466 0.186451 0.982108 0.000000 0.000000 0.000000 0.000000 1.000000
0.999622 0.005671 0.026913 -0.000000 -0.000498 0.982084 -0.188442 8.845900 -0.027500 0.188357 0.981716 0.000000 0.000000 0.000000 0.000000 1.000000
0.999612 0.005489 0.027314 0.000000 -0.000232 0.982009 -0.188834 8.845900 -0.027860 0.188755 0.981629 0.000000 0.000000 0.000000 0.000000 1.000000
0.999612 0.005229 0.027366 0.000000 0.000012 0.982152 -0.188090 8.845900 -0.027861 0.188017 0.981770 0.000000 0.000000 0.000000 0.000000 1.000000
0.999607 0.005137 0.027543 0.000000 0.000093 0.982434 -0.186609 8.845900 -0.028018 0.186538 0.982048 0.000000 0.000000 0.000000 0.000000 1.000000
0.999604 0.005061 0.027685 0.000000 0.000138 0.982805 -0.184648 8.845900 -0.028143 0.184579 0.982415 0.000000 0.000000 0.000000 0.000000 1.000000
0.999603 0.004739 0.027768 0.000000 0.000408 0.983207 -0.182495 8.845900 -0.028167 0.182434 0.982815 -0.000000 0.000000 0.000000 0.000000 1.000000
0.999616 0.004330 0.027388 0.000000 0.000652 0.983785 -0.179350 8.845900 -0.027720 0.179299 0.983404 0.000000 0.000000 0.000000 0.000000 1.000000
0.999645 0.004031 0.026339 0.000000 0.000633 0.984614 -0.174743 8.845900 -0.026638 0.174698 0.984262 0.000000 0.000000 0.000000 0.000000 1.000000
0.999665 0.003454 0.025645 0.000000 0.000970 0.985353 -0.170523 8.845900 -0.025858 0.170491 0.985020 0.000000 0.000000 0.000000 0.000000 1.000000
0.999674 0.002786 0.025384 0.000000 0.001517 0.985800 -0.167915 8.845900 -0.025491 0.167899 0.985475 0.000000 0.000000 0.000000 0.000000 1.000000
0.999691 0.002336 0.024746 0.000000 0.001769 0.986367 -0.164550 8.845900 -0.024793 0.164543 0.986058 0.000000 0.000000 0.000000 0.000000 1.000000
0.999746 0.001106 0.022501 -0.000000 0.002472 0.987377 -0.158367 8.845900 -0.022392 0.158383 0.987124 0.000000 0.000000 0.000000 0.000000 1.000000
0.999834 -0.001254 0.018159 0.000000 0.003993 0.988431 -0.151619 8.845900 -0.017758 0.151666 0.988272 0.000000 0.000000 0.000000 0.000000 1.000000
0.999894 -0.003645 0.014084 0.000000 0.005671 0.989180 -0.146595 8.845900 -0.013398 0.146660 0.989096 0.000000 0.000000 0.000000 0.000000 1.000000
0.999910 -0.004245 0.012694 0.000000 0.006033 0.989503 -0.144388 8.845900 -0.011948 0.144452 0.989440 0.000000 0.000000 0.000000 0.000000 1.000000
0.999922 -0.003435 0.011975 0.000000 0.005119 0.989638 -0.143495 8.845900 -0.011358 0.143545 0.989579 0.000000 0.000000 0.000000 0.000000 1.000000
0.999936 -0.003702 0.010720 0.000000 0.005194 0.989760 -0.142648 8.845900 -0.010082 0.142695 0.989715 0.000000 0.000000 0.000000 0.000000 1.000000
0.999928 -0.005871 0.010476 0.000000 0.007304 0.989765 -0.142516 8.845900 -0.009533 0.142583 0.989737 0.000000 0.000000 0.000000 0.000000 1.000000
0.999913 -0.007761 0.010643 -0.000000 0.009181 0.990018 -0.140639 8.845900 -0.009445 0.140724 0.990004 0.000000 0.000000 0.000000 0.000000 1.000000
0.999918 -0.008595 0.009533 0.000000 0.009824 0.990457 -0.137470 8.845900 -0.008260 0.137552 0.990460 -0.000000 0.000000 0.000000 0.000000 1.000000
0.999931 -0.009085 0.007393 0.000000 0.010006 0.990660 -0.135985 8.845900 -0.006089 0.136050 0.990683 0.000000 0.000000 0.000000 0.000000 1.000000
0.999940 -0.009369 0.005739 0.000000 0.010051 0.991017 -0.133359 8.845900 -0.004438 0.133409 0.991051 0.000000 0.000000 0.000000 0.000000 1.000000
0.999945 -0.009453 0.004528 -0.000000 0.009950 0.991879 -0.126799 8.845900 -0.003292 0.126837 0.991918 0.000000 0.000000 0.000000 0.000000 1.000000
0.999956 -0.009096 0.002207 0.000000 0.009294 0.992835 -0.119128 8.845900 -0.001108 0.119143 0.992876 0.000000 0.000000 0.000000 0.000000 1.000000
0.999963 -0.008585 -0.000998 0.000000 0.008422 0.993851 -0.110409 8.845900 0.001940 0.110396 0.993886 0.000000 0.000000 0.000000 0.000000 1.000000
0.999960 -0.008139 -0.003795 0.000000 0.007717 0.994917 -0.100401 8.845900 0.004593 0.100368 0.994940 0.000000 0.000000 0.000000 0.000000 1.000000
0.999953 -0.007756 -0.005875 0.000000 0.007195 0.995899 -0.090180 8.845900 0.006550 0.090134 0.995908 0.000000 0.000000 0.000000 0.000000 1.000000
0.999940 -0.007799 -0.007707 0.000000 0.007148 0.996678 -0.081135 8.845900 0.008314 0.081075 0.996673 -0.000000 0.000000 0.000000 0.000000 1.000000
0.999911 -0.007562 -0.010986 0.000000 0.006725 0.997216 -0.074266 8.845900 0.011517 0.074186 0.997178 0.000000 0.000000 0.000000 0.000000 1.000000
0.999882 -0.006712 -0.013797 -0.000000 0.005741 0.997582 -0.069266 8.845900 0.014228 0.069179 0.997503 -0.000000 0.000000 0.000000 0.000000 1.000000
0.999892 -0.006249 -0.013311 0.000000 0.005366 0.997845 -0.065401 8.845900 0.013691 0.065322 0.997770 0.000000 0.000000 0.000000 0.000000 1.000000
0.999906 -0.005954 -0.012348 0.000000 0.005178 0.998067 -0.061926 8.845900 0.012693 0.061856 0.998004 0.000000 0.000000 0.000000 0.000000 1.000000
0.999913 -0.005646 -0.011928 0.000000 0.004931 0.998238 -0.059134 8.845900 0.012241 0.059070 0.998179 0.000000 0.000000 0.000000 0.000000 1.000000
0.999922 -0.005584 -0.011204 0.000000 0.004927 0.998316 -0.057807 8.845900 0.011508 0.057747 0.998265 0.000000 0.000000 0.000000 0.000000 1.000000
0.999926 -0.005328 -0.010958 0.000000 0.004699 0.998381 -0.056682 8.845900 0.011242 0.056626 0.998332 0.000000 0.000000 0.000000 0.000000 1.000000
0.999925 -0.004958 -0.011170 -0.000000 0.004329 0.998442 -0.055637 8.845900 0.011428 0.055585 0.998389 0.000000 0.000000 0.000000 0.000000 1.000000</float_array><technique_common><accessor source="#mixamorig_Spine1-Matrix-animation-output-transform-array" count="68" stride="16"><param type="float4x4"/></accessor></technique_common></source><source id="mixamorig_Spine1-Interpolations"><Name_array id="mixamorig_Spine1-Interpolations-array" count="68">
 LINEAR LINEAR LINEAR LINEAR LINEAR LINEAR LINEAR LINEAR LINEAR LINEAR LINEAR
LINEAR LINEAR LINEAR LINEAR LINEAR LINEAR LINEAR LINEAR LINEAR LINEAR LINEAR LINEAR
LINEAR LINEAR LINEAR LINEAR LINEAR LINEAR LINEAR LINEAR LINEAR LINEAR LINEAR LINEAR
LINEAR LINEAR LINEAR LINEAR LINEAR LINEAR LINEAR LINEAR LINEAR LINEAR LINEAR LINEAR
LINEAR LINEAR LINEAR LINEAR LINEAR LINEAR LINEAR LINEAR LINEAR LINEAR LINEAR LINEAR
LINEAR LINEAR LINEAR LINEAR LINEAR LINEAR LINEAR LINEAR LINEAR</Name_array><technique_common><accessor source="#mixamorig_Spine1-Interpolations-array" count="68"><param type="name"/></accessor></technique_common></source><sampler id="mixamorig_Spine1-Matrix-animation-transform"><input semantic="INPUT" source="#mixamorig_Spine1-Matrix-animation-input"/><input semantic="OUTPUT" source="#mixamorig_Spine1-Matrix-animation-output-transform"/><input semantic="INTERPOLATION" source="#mixamorig_Spine1-Interpolations"/></sampler><channel source="#mixamorig_Spine1-Matrix-animation-transform" target="mixamorig_Spine1/matrix"/></animation>
    <animation id="mixamorig_Spine2-anim" name="mixamorig_Spine2"><source id="mixamorig_Spine2-Matrix-animation-input"><float_array id="mixamorig_Spine2-Matrix-animation-input-array" count="68">

0.000000 0.033333 0.066667 0.100000 0.133333 0.166667 0.200000 0.233333 0.266667 0.300000 0.333333 0.366667 0.400000 0.433333 0.466667 0.500000
0.533333 0.566667 0.600000 0.633333 0.666667 0.700000 0.733333 0.766667 0.800000 0.833333 0.866667 0.900000 0.933333 0.966667 1.000000 1.033333
1.066667 1.100000 1.133333 1.166667 1.200000 1.233333 1.266667 1.300000 1.333333 1.366667 1.400000 1.433333 1.466667 1.500000 1.533333 1.566667
1.600000 1.633333 1.666667 1.700000 1.733333 1.766667 1.800000 1.833333 1.866667 1.900000 1.933333 1.966667 2.000000 2.033333 2.066667 2.100000
2.133333 2.166667 2.200000 2.233333</float_array><technique_common><accessor source="#mixamorig_Spine2-Matrix-animation-input-array" count="68"><param name="TIME" type="float"/></accessor></technique_common></source><source id="mixamorig_Spine2-Matrix-animation-output-transform"><float_array id="mixamorig_Spine2-Matrix-animation-output-transform-array" count="1088">

0.999934 -0.004802 -0.010485 -0.000000 0.004210 0.998437 -0.055738 10.109600 0.010736 0.055690 0.998390 0.000000 0.000000 0.000000 0.000000 1.000000
0.999940 -0.004524 -0.009956 0.000000 0.003973 0.998493 -0.054733 10.109600 0.010188 0.054690 0.998451 -0.000000 0.000000 0.000000 0.000000 1.000000
0.999954 -0.004618 -0.008439 -0.000000 0.004145 0.998464 -0.055256 10.109600 0.008682 0.055218 0.998437 -0.000000 0.000000 0.000000 0.000000 1.000000
0.999959 -0.005387 -0.007302 0.000000 0.004954 0.998298 -0.058107 10.109600 0.007603 0.058069 0.998284 -0.000000 0.000000 0.000000 0.000000 1.000000
