<?xml version="1.0" encoding="utf-8"?>
<COLLADA xmlns="http://www.collada.org/2005/11/COLLADASchema" version="1.4.1">
  <asset><contributor><author>Mixamo</author><authoring_tool>COLLADA Mixamo exporter</authoring_tool><comments></comments></contributor><created>2020-12-04T02:00:56Z</created><modified>2020-12-04T02:00:56Z</modified><revision></revision><title></title><unit meter="0.010000"/><up_axis>Y_UP</up_axis></asset>
  <library_animations>
    <animation id="mixamorig_Hips-anim" name="mixamorig_Hips"><source id="mixamorig_Hips-Matrix-animation-input"><float_array id="mixamorig_Hips-Matrix-animation-input-array" count="82">

0.000000 0.033333 0.066667 0.100000 0.133333 0.166667 0.200000 0.233333 0.266667 0.300000 0.333333 0.366667 0.400000 0.433333 0.466667 0.500000
0.533333 0.566667 0.600000 0.633333 0.666667 0.700000 0.733333 0.766667 0.800000 0.833333 0.866667 0.900000 0.933333 0.966667 1.000000 1.033333
1.066667 1.100000 1.133333 1.166667 1.200000 1.233333 1.266667 1.300000 1.333333 1.366667 1.400000 1.433333 1.466667 1.500000 1.533333 1.566667
1.600000 1.633333 1.666667 1.700000 1.733333 1.766667 1.800000 1.833333 1.866667 1.900000 1.933333 1.966667 2.000000 2.033333 2.066667 2.100000
2.133333 2.166667 2.200000 2.233333 2.266667 2.300000 2.333333 2.366667 2.400000 2.433333 2.466667 2.500000 2.533333 2.566667 2.600000 2.633333
2.666667 2.700000</float_array><technique_common><accessor source="#mixamorig_Hips-Matrix-animation-input-array" count="82"><param name="TIME" type="float"/></accessor></technique_common></source><source id="mixamorig_Hips-Matrix-animation-output-transform"><float_array id="mixamorig_Hips-Matrix-animation-output-transform-array" count="1312">

0.523304 -0.058658 -0.850125 -0.150687 0.067025 0.997371 -0.027560 85.775291 0.849506 -0.042557 0.525859 0.304899 0.000000 0.000000 0.000000 1.000000
0.530454 -0.075823 -0.844316 -0.172837 0.051273 0.997038 -0.057325 85.574181 0.846162 -0.012882 0.532770 0.438339 0.000000 0.000000 0.000000 1.000000
0.548533 -0.094551 -0.830766 -0.172236 0.031010 0.995203 -0.092791 85.054054 0.835554 0.025137 0.548834 0.626915 0.000000 0.000000 0.000000 1.000000
0.576375 -0.110793 -0.809640 -0.233881 0.007361 0.991430 -0.130429 84.373436 0.817152 0.069217 0.572252 0.860954 0.000000 0.000000 0.000000 1.000000
0.612274 -0.120592 -0.781395 -0.440025 -0.018727 0.985811 -0.166813 83.685471 0.790424 0.116769 0.601328 1.129790 0.000000 0.000000 0.000000 1.000000
0.665802 -0.112756 -0.737559 -1.087051 -0.050549 0.979427 -0.195364 83.076111 0.744414 0.167357 0.646405 1.459072 0.000000 0.000000 0.000000 1.000000
0.731961 -0.088162 -0.675619 -2.216089 -0.077334 0.974435 -0.210938 82.451797 0.676944 0.206647 0.706431 1.915963 0.000000 0.000000 0.000000 1.000000
0.795732 -0.053908 -0.603244 -3.641078 -0.098216 0.971361 -0.216360 81.796524 0.597632 0.231413 0.767649 2.525876 0.000000 0.000000 0.000000 1.000000
0.848433 -0.008930 -0.529227 -5.287205 -0.120259 0.970457 -0.209168 81.190277 0.515460 0.241109 0.822294 3.273315 0.000000 0.000000 0.000000 1.000000
0.890814 0.033838 -0.453106 -7.067184 -0.136429 0.971128 -0.195698 80.737984 0.433402 0.236147 0.869711 4.191468 0.000000 0.000000 0.000000 1.000000
0.923273 0.061274 -0.379226 -8.818232 -0.141676 0.971919 -0.187888 80.456192 0.357064 0.227199 0.906028 5.176995 0.000000 0.000000 0.000000 1.000000
0.945367 0.079751 -0.316104 -10.425064 -0.142399 0.973245 -0.180324 80.347206 0.293266 0.215485 0.931430 6.041567 0.000000 0.000000 0.000000 1.000000
0.961488 0.091018 -0.259339 -11.791216 -0.138490 0.975473 -0.171094 80.426239 0.237405 0.200421 0.950510 6.676477 0.000000 0.000000 0.000000 1.000000
0.975558 0.096987 -0.197180 -12.900804 -0.131272 0.976835 -0.168998 80.690323 0.176222 0.190751 0.965691 7.107903 0.000000 0.000000 0.000000 1.000000
0.985596 0.103244 -0.133943 -13.764418 -0.125360 0.977633 -0.168875 81.063583 0.113512 0.183233 0.976494 7.392295 0.000000 0.000000 0.000000 1.000000
0.990626 0.107867 -0.083816 -14.387757 -0.120236 0.979733 -0.160209 81.517769 0.064836 0.168785 0.983518 7.523876 0.000000 0.000000 0.000000 1.000000
0.993055 0.107185 -0.048500 -14.776215 -0.113266 0.982510 -0.147803 82.016281 0.031809 0.152270 0.987827 7.487197 0.000000 0.000000 0.000000 1.000000
0.994673 0.100829 -0.021420 -14.921967 -0.102801 0.985589 -0.134338 82.588013 0.007566 0.135824 0.990704 7.283961 0.000000 0.000000 0.000000 1.000000
0.995900 0.090426 -0.002622 -14.885720 -0.090135 0.989389 -0.113949 83.323288 -0.007710 0.113718 0.993483 6.781090 0.000000 0.000000 0.000000 1.000000
0.996919 0.078274 0.005013 -14.723391 -0.077518 0.993002 -0.089097 84.187737 -0.011952 0.088434 0.996010 5.997078 0.000000 0.000000 0.000000 1.000000
0.997751 0.066877 0.004479 -14.406228 -0.066525 0.996230 -0.055679 85.110458 -0.008186 0.055256 0.998439 5.023676 0.000000 0.000000 0.000000 1.000000
0.998254 0.059067 -0.000514 -13.966572 -0.059069 0.998244 -0.004563 86.064789 0.000243 0.004585 0.999989 3.913603 0.000000 0.000000 0.000000 1.000000
0.998456 0.053769 -0.013962 -13.439511 -0.052802 0.996662 0.062267 87.014473 0.017264 -0.061434 0.997962 2.713377 0.000000 0.000000 0.000000 1.000000
0.998047 0.049507 -0.038084 -12.842365 -0.043909 0.989747 0.135918 87.896004 0.044422 -0.133980 0.989988 1.483194 0.000000 0.000000 0.000000 1.000000
0.996634 0.048647 -0.065986 -12.194288 -0.034104 0.977977 0.205907 88.589172 0.074549 -0.202963 0.976344 0.292675 0.000000 0.000000 0.000000 1.000000
0.994349 0.048857 -0.094246 -11.432636 -0.022420 0.964421 0.263418 89.046677 0.103763 -0.259817 0.960067 -0.738903 0.000000 0.000000 0.000000 1.000000
0.992311 0.047585 -0.114252 -10.605207 -0.010828 0.952974 0.302859 89.264809 0.123291 -0.299294 0.946162 -1.461150 0.000000 0.000000 0.000000 1.000000
0.991551 0.043478 -0.122214 -9.867445 -0.001649 0.946304 0.323275 89.085258 0.129707 -0.320342 0.938380 -2.191440 0.000000 0.000000 0.000000 1.000000
0.991334 0.033834 -0.126937 -9.148952 0.008886 0.946781 0.321756 88.440643 0.131068 -0.320095 0.938275 -3.244632 0.000000 0.000000 0.000000 1.000000
0.992398 0.022368 -0.121020 -8.275089 0.015379 0.953096 0.302277 87.332710 0.122105 -0.301840 0.945507 -4.640670 0.000000 0.000000 0.000000 1.000000
0.993885 0.008237 -0.110111 -7.362407 0.021295 0.964194 0.264340 86.074463 0.108346 -0.265069 0.958123 -6.467258 0.000000 0.000000 0.000000 1.000000
0.995674 -0.007311 -0.092622 -6.381062 0.026175 0.978593 0.204132 84.705841 0.089147 -0.205673 0.974552 -7.957253 0.000000 0.000000 0.000000 1.000000
0.997335 -0.019972 -0.070177 -5.470102 0.028844 0.991384 0.127774 83.537773 0.067020 -0.129458 0.989317 -8.376848 0.000000 0.000000 0.000000 1.000000
0.998680 -0.025562 -0.044561 -5.328620 0.026584 0.999393 0.022496 82.454094 0.043958 -0.023651 0.998753 -7.898054 0.000000 0.000000 0.000000 1.000000
0.999597 -0.022157 -0.017772 -6.059259 0.020145 0.994124 -0.106353 81.228310 0.020024 0.105952 0.994170 -6.776112 0.000000 0.000000 0.000000 1.000000
0.999920 -0.009655 0.008115 -7.157945 0.011295 0.971799 -0.235540 80.005684 -0.005612 0.235613 0.971831 -4.973403 0.000000 0.000000 0.000000 1.000000
0.999497 0.007569 0.030808 -8.153128 0.003428 0.939675 -0.342051 78.967445 -0.031538 0.341985 0.939176 -2.476192 0.000000 0.000000 0.000000 1.000000
0.998517 0.022329 0.049643 -8.597301 -0.000178 0.913328 -0.407224 78.318550 -0.054433 0.406612 0.911978 0.746298 0.000000 0.000000 0.000000 1.000000
0.997589 0.032165 0.061496 -8.626038 -0.002117 0.899802 -0.436293 78.071732 -0.069367 0.435111 0.897701 4.151605 0.000000 0.000000 0.000000 1.000000
0.997276 0.039608 0.062225 -8.673633 -0.007686 0.894805 -0.446391 78.076538 -0.073360 0.444697 0.892672 6.925001 0.000000 0.000000 0.000000 1.000000
0.997600 0.041020 0.055782 -8.721640 -0.011924 0.895368 -0.445168 78.142029 -0.068206 0.443434 0.893708 8.124117 0.000000 0.000000 0.000000 1.000000
0.998238 0.040252 0.043605 -8.739950 -0.016924 0.897383 -0.440928 78.156181 -0.056879 0.439413 0.896482 8.839998 0.000000 0.000000 0.000000 1.000000
0.998639 0.040513 0.032841 -8.684517 -0.022233 0.900343 -0.434613 78.107254 -0.047176 0.433291 0.900019 9.295252 0.000000 0.000000 0.000000 1.000000
0.998885 0.041271 0.022912 -8.540431 -0.027561 0.903957 -0.426734 78.009102 -0.038323 0.425626 0.904087 9.429414 0.000000 0.000000 0.000000 1.000000
0.999047 0.041774 0.012623 -8.329287 -0.032680 0.907875 -0.417964 77.864479 -0.028920 0.417154 0.908376 9.239763 0.000000 0.000000 0.000000 1.000000
0.999148 0.041254 0.000733 -8.047213 -0.037347 0.911779 -0.408980 77.740234 -0.017540 0.408605 0.912543 8.824199 0.000000 0.000000 0.000000 1.000000
0.999142 0.038981 -0.014006 -7.664827 -0.041327 0.915378 -0.400470 77.657104 -0.002790 0.400705 0.916203 8.255417 0.000000 0.000000 0.000000 1.000000
0.998881 0.034131 -0.032750 -7.165460 -0.044256 0.918759 -0.392331 77.509377 0.016699 0.393342 0.919241 7.548964 0.000000 0.000000 0.000000 1.000000
0.997625 0.016634 -0.066836 -6.453768 -0.041119 0.922329 -0.384211 77.292427 0.055253 0.386047 0.920823 7.016042 0.000000 0.000000 0.000000 1.000000
0.992667 -0.014601 -0.119998 -5.542712 -0.031095 0.928432 -0.370200 77.098015 0.116815 0.371216 0.921169 6.720599 0.000000 0.000000 0.000000 1.000000
0.980295 -0.046617 -0.191958 -4.513606 -0.022758 0.938632 -0.344169 77.057167 0.196222 0.341756 0.919075 6.757085 0.000000 0.000000 0.000000 1.000000
0.956256 -0.080043 -0.281366 -3.478903 -0.013490 0.948747 -0.315749 77.117294 0.292219 0.305732 0.906166 7.057702 0.000000 0.000000 0.000000 1.000000
0.914857 -0.113844 -0.387397 -2.555686 -0.002692 0.957689 -0.287793 77.204163 0.403770 0.264332 0.875842 7.452763 0.000000 0.000000 0.000000 1.000000
0.857281 -0.137548 -0.496135 -1.836060 0.005120 0.965882 -0.258933 77.258385 0.514823 0.219438 0.828736 7.772462 0.000000 0.000000 0.000000 1.000000
0.793748 -0.151512 -0.589075 -1.360326 0.011951 0.972177 -0.233944 77.315033 0.608130 0.178652 0.773474 7.878244 0.000000 0.000000 0.000000 1.000000
0.732531 -0.160059 -0.661649 -1.076104 0.020612 0.976734 -0.213461 77.474625 0.680422 0.142729 0.718787 7.752395 0.000000 0.000000 0.000000 1.000000
0.677155 -0.157770 -0.718728 -0.851931 0.027770 0.981528 -0.189294 77.840096 0.735316 0.108223 0.669028 7.660242 0.000000 0.000000 0.000000 1.000000
0.629841 -0.144417 -0.763180 -0.670164 0.032345 0.986587 -0.159998 78.394196 0.776050 0.076089 0.626064 7.599285 0.000000 0.000000 0.000000 1.000000
0.591812 -0.126866 -0.796030 -0.535153 0.037592 0.990806 -0.129960 79.029541 0.805199 0.046988 0.591140 7.534229 0.000000 0.000000 0.000000 1.000000
0.565386 -0.110935 -0.817332 -0.461600 0.044791 0.993582 -0.103873 79.763977 0.823609 0.022119 0.566726 7.460674 0.000000 0.000000 0.000000 1.000000
0.553536 -0.096740 -0.827188 -0.460525 0.052834 0.995309 -0.081047 80.569267 0.831148 0.001158 0.556050 7.410591 0.000000 0.000000 0.000000 1.000000
0.552484 -0.081539 -0.829526 -0.504638 0.059716 0.996518 -0.058182 81.350548 0.831382 -0.017391 0.555430 7.391626 0.000000 0.000000 0.000000 1.000000
0.555317 -0.067205 -0.828919 -0.532916 0.066298 0.997135 -0.036428 82.041603 0.828992 -0.034727 0.558181 7.348925 0.000000 0.000000 0.000000 1.000000
0.558611 -0.058001 -0.827399 -0.548353 0.073169 0.997109 -0.020498 82.631813 0.826196 -0.049090 0.561240 7.202013 0.000000 0.000000 0.000000 1.000000
0.560524 -0.053779 -0.826390 -0.572848 0.078837 0.996822 -0.011396 83.077950 0.824377 -0.058762 0.562983 6.934742 0.000000 0.000000 0.000000 1.000000
0.560599 -0.050407 -0.826552 -0.613103 0.084126 0.996448 -0.003711 83.423775 0.823803 -0.067454 0.562848 6.493448 0.000000 0.000000 0.000000 1.000000
0.559527 -0.046496 -0.827507 -0.667954 0.089174 0.996007 0.004332 83.676376 0.824001 -0.076216 0.561439 5.813098 0.000000 0.000000 0.000000 1.000000
0.556792 -0.044499 -0.829459 -0.721932 0.092503 0.995675 0.008679 83.877319 0.825485 -0.081560 0.558500 5.033412 0.000000 0.000000 0.000000 1.000000
0.551623 -0.044677 -0.832896 -0.757200 0.094470 0.995485 0.009168 84.061714 0.828726 -0.083742 0.553353 4.324888 0.000000 0.000000 0.000000 1.000000
0.544622 -0.045220 -0.837462 -0.770080 0.095386 0.995406 0.008284 84.231354 0.833240 -0.084394 0.546433 3.674638 0.000000 0.000000 0.000000 1.000000
0.537208 -0.044589 -0.842270 -0.777274 0.094426 0.995503 0.007525 84.415207 0.838147 -0.083575 0.539003 3.081378 0.000000 0.000000 0.000000 1.000000
0.529214 -0.044057 -0.847344 -0.771209 0.092464 0.995698 0.005978 84.625572 0.843435 -0.081513 0.531011 2.555035 0.000000 0.000000 0.000000 1.000000
0.520614 -0.045772 -0.852564 -0.738577 0.090520 0.995893 0.001809 84.844185 0.848980 -0.078116 0.522619 2.084153 0.000000 0.000000 0.000000 1.000000
0.513922 -0.047929 -0.856497 -0.696262 0.087272 0.996179 -0.003380 85.057098 0.853386 -0.073012 0.516141 1.654860 0.000000 0.000000 0.000000 1.000000
0.511144 -0.049618 -0.858061 -0.649165 0.082272 0.996573 -0.008618 85.260513 0.855548 -0.066189 0.513475 1.280668 0.000000 0.000000 0.000000 1.000000
0.511282 -0.051824 -0.857849 -0.592105 0.077578 0.996888 -0.013987 85.439789 0.855905 -0.059398 0.513711 0.970392 0.000000 0.000000 0.000000 1.000000
0.512502 -0.053884 -0.856993 -0.521771 0.074322 0.997067 -0.018244 85.573814 0.855463 -0.054344 0.515004 0.750024 0.000000 0.000000 0.000000 1.000000
0.514905 -0.055443 -0.855453 -0.430189 0.071913 0.997182 -0.021344 85.656113 0.854226 -0.050529 0.517441 0.596209 0.000000 0.000000 0.000000 1.000000
0.517746 -0.056764 -0.853649 -0.331469 0.069899 0.997267 -0.023919 85.715790 0.852674 -0.047285 0.520298 0.472347 0.000000 0.000000 0.000000 1.000000
0.520303 -0.057716 -0.852029 -0.246833 0.068457 0.997322 -0.025754 85.751381 0.851234 -0.044927 0.522860 0.386697 0.000000 0.000000 0.000000 1.000000
0.522381 -0.058382 -0.850711 -0.180012 0.067446 0.997357 -0.027031 85.769485 0.850041 -0.043257 0.524938 0.328638 0.000000 0.000000 0.000000 1.000000
0.523303 -0.058658 -0.850125 -0.150683 0.067025 0.997371 -0.027560 85.775597 0.849506 -0.042557 0.525859 0.304885 0.000000 0.000000 0.000000 1.000000</float_array><technique_common><accessor source="#mixamorig_Hips-Matrix-animation-output-transform-array" count="82" stride="16"><param type="float4x4"/></accessor></technique_common></source><source id="mixamorig_Hips-Interpolations"><Name_array id="mixamorig_Hips-Interpolations-array" count="82">
 LINEAR LINEAR LINEAR LINEAR LINEAR LINEAR LINEAR LINEAR LINEAR LINEAR LINEAR
LINEAR LINEAR LINEAR LINEAR LINEAR LINEAR LINEAR LINEAR LINEAR LINEAR LINEAR LINEAR
LINEAR LINEAR LINEAR LINEAR LINEAR LINEAR LINEAR LINEAR LINEAR LINEAR LINEAR LINEAR
LINEAR LINEAR LINEAR LINEAR LINEAR LINEAR LINEAR LINEAR LINEAR LINEAR LINEAR LINEAR
LINEAR LINEAR LINEAR LINEAR LINEAR LINEAR LINEAR LINEAR LINEAR LINEAR LINEAR LINEAR
LINEAR LINEAR LINEAR LINEAR LINEAR LINEAR LINEAR LINEAR LINEAR LINEAR LINEAR LINEAR
LINEAR LINEAR LINEAR LINEAR LINEAR LINEAR LINEAR LINEAR LINEAR LINEAR LINEAR</Name_array><technique_common><accessor source="#mixamorig_Hips-Interpolations-array" count="82"><param type="name"/></accessor></technique_common></source><sampler id="mixamorig_Hips-Matrix-animation-transform"><input semantic="INPUT" source="#mixamorig_Hips-Matrix-animation-input"/><input semantic="OUTPUT" source="#mixamorig_Hips-Matrix-animation-output-transform"/><input semantic="INTERPOLATION" source="#mixamorig_Hips-Interpolations"/></sampler><channel source="#mixamorig_Hips-Matrix-animation-transform" target="mixamorig_Hips/matrix"/></animation>
    <animation id="mixamorig_Spine-anim" name="mixamorig_Spine"><source id="mixamorig_Spine-Matrix-animation-input"><float_array id="mixamorig_Spine-Matrix-animation-input-array" count="82">

0.000000 0.033333 0.066667 0.100000 0.133333 0.166667 0.200000 0.233333 0.266667 0.300000 0.333333 0.366667 0.400000 0.433333 0.466667 0.500000
0.533333 0.566667 0.600000 0.633333 0.666667 0.700000 0.733333 0.766667 0.800000 0.833333 0.866667 0.900000 0.933333 0.966667 1.000000 1.033333
1.066667 1.100000 1.133333 1.166667 1.200000 1.233333 1.266667 1.300000 1.333333 1.366667 1.400000 1.433333 1.466667 1.500000 1.533333 1.566667
1.600000 1.633333 1.666667 1.700000 1.733333 1.766667 1.800000 1.833333 1.866667 1.900000 1.933333 1.966667 2.000000 2.033333 2.066667 2.100000
2.133333 2.166667 2.200000 2.233333 2.266667 2.300000 2.333333 2.366667 2.400000 2.433333 2.466667 2.500000 2.533333 2.566667 2.600000 2.633333
2.666667 2.700000</float_array><technique_common><accessor source="#mixamorig_Spine-Matrix-animation-input-array" count="82"><param name="TIME" type="float"/></accessor></technique_common></source><source id="mixamorig_Spine-Matrix-animation-output-transform"><float_array id="mixamorig_Spine-Matrix-animation-output-transform-array" count="1312">

0.998950 0.044722 0.009967 0.000000 -0.044533 0.998838 -0.018415 7.463500 -0.010779 0.017952 0.999781 -1.336300 0.000000 0.000000 0.000000 1.000000
0.999011 0.043511 0.009102 0.000000 -0.043347 0.998907 -0.017513 7.463500 -0.009854 0.017101 0.999805 -1.336300 0.000000 0.000000 0.000000 1.000000
0.999153 0.040568 0.006858 0.000000 -0.040459 0.999063 -0.015357 7.463500 -0.007475 0.015066 0.999859 -1.336300 0.000000 0.000000 0.000000 1.000000
0.999318 0.036700 0.004000 0.000000 -0.036649 0.999254 -0.012162 7.463500 -0.004443 0.012008 0.999918 -1.336300 0.000000 0.000000 0.000000 1.000000
0.999465 0.032696 0.001281 0.000000 -0.032684 0.999432 -0.008249 7.463500 -0.001550 0.008203 0.999965 -1.336300 0.000000 0.000000 0.000000 1.000000
0.999563 0.029551 -0.000606 -0.000000 -0.029553 0.999557 -0.003531 7.463500 0.000501 0.003548 0.999994 -1.336300 0.000000 0.000000 0.000000 1.000000
0.999513 0.031127 -0.002101 0.000000 -0.031125 0.999515 0.001017 7.463500 0.002132 -0.000951 0.999997 -1.336300 0.000000 0.000000 0.000000 1.000000
0.999317 0.036841 -0.002929 0.000000 -0.036825 0.999307 0.005351 7.463500 0.003124 -0.005240 0.999981 -1.336300 0.000000 0.000000 0.000000 1.000000
0.999083 0.042751 -0.002206 0.000000 -0.042731 0.999051 0.008452 7.463500 0.002565 -0.008350 0.999962 -1.336300 0.000000 0.000000 0.000000 1.000000
0.998781 0.049357 -0.000340 0.000000 -0.049350 0.998722 0.010945 7.463500 0.000879 -0.010915 0.999940 -1.336300 0.000000 0.000000 0.000000 1.000000
0.998357 0.057214 0.003084 0.000000 -0.057253 0.998250 0.014822 7.463500 -0.002230 -0.014975 0.999885 -1.336300 0.000000 0.000000 0.000000 1.000000
0.997920 0.063885 0.008612 0.000000 -0.064033 0.997782 0.018213 7.463500 -0.007430 -0.018726 0.999797 -1.336300 0.000000 0.000000 0.000000 1.000000
0.997530 0.068325 0.016298 0.000000 -0.068644 0.997442 0.019945 7.463500 -0.014893 -0.021015 0.999668 -1.336300 0.000000 0.000000 0.000000 1.000000
0.997289 0.070281 0.021788 0.000000 -0.070768 0.997240 0.022474 7.463500 -0.020148 -0.023955 0.999510 -1.336300 0.000000 0.000000 0.000000 1.000000
0.997233 0.069932 0.025230 0.000000 -0.070575 0.997179 0.025555 7.463500 -0.023372 -0.027265 0.999355 -1.336300 0.000000 0.000000 0.000000 1.000000
0.997236 0.067688 0.030639 0.000000 -0.068531 0.997274 0.027346 7.463500 -0.028704 -0.029370 0.999156 -1.336300 0.000000 0.000000 0.000000 1.000000
0.997185 0.065511 0.036475 0.000000 -0.066604 0.997340 0.029618 7.463500 -0.034438 -0.031964 0.998896 -1.336300 0.000000 0.000000 0.000000 1.000000
0.997115 0.064153 0.040575 0.000000 -0.065523 0.997293 0.033375 7.463500 -0.038324 -0.035937 0.998619 -1.336300 0.000000 0.000000 0.000000 1.000000
0.997179 0.062144 0.042090 0.000000 -0.063779 0.997214 0.038683 7.463500 -0.039569 -0.041259 0.998365 -1.336300 0.000000 0.000000 0.000000 1.000000
0.997386 0.058138 0.042903 0.000000 -0.060039 0.997205 0.044458 7.463500 -0.040199 -0.046918 0.998090 -1.336300 0.000000 0.000000 0.000000 1.000000
0.997528 0.050111 0.049253 0.000000 -0.052361 0.997591 0.045507 7.463500 -0.046854 -0.047973 0.997749 -1.336300 0.000000 0.000000 0.000000 1.000000
0.997779 0.041553 0.052066 0.000000 -0.044020 0.997917 0.047151 7.463500 -0.049999 -0.049338 0.997530 -1.336300 0.000000 0.000000 0.000000 1.000000
0.998218 0.033876 0.049134 0.000000 -0.036332 0.998089 0.049991 7.463500 -0.047346 -0.051687 0.997540 -1.336300 0.000000 0.000000 0.000000 1.000000
0.998600 0.024661 0.046804 0.000000 -0.026990 0.998395 0.049793 7.463500 -0.045501 -0.050987 0.997662 -1.336300 0.000000 0.000000 0.000000 1.000000
0.998921 0.016133 0.043549 0.000000 -0.018241 0.998659 0.048448 7.463500 -0.042709 -0.049190 0.997876 -1.336300 0.000000 0.000000 0.000000 1.000000
0.999137 0.009310 0.040482 0.000000 -0.011242 0.998796 0.047754 7.463500 -0.039989 -0.048168 0.998038 -1.336300 0.000000 0.000000 0.000000 1.000000
0.999324 0.003985 0.036553 0.000000 -0.005726 0.998848 0.047637 7.463500 -0.036321 -0.047814 0.998196 -1.336300 0.000000 0.000000 0.000000 1.000000
0.999526 -0.000162 0.030771 0.000000 -0.001291 0.998885 0.047182 7.463500 -0.030745 -0.047199 0.998412 -1.336300 0.000000 0.000000 0.000000 1.000000
0.999710 -0.001296 0.024040 0.000000 0.000195 0.998953 0.045758 7.463500 -0.024074 -0.045740 0.998663 -1.336300 0.000000 0.000000 0.000000 1.000000
0.999849 0.004436 0.016810 0.000000 -0.005141 0.999099 0.042130 7.463500 -0.016608 -0.042210 0.998971 -1.336300 0.000000 0.000000 0.000000 1.000000
0.999885 0.007356 0.013273 0.000000 -0.007863 0.999225 0.038573 7.463500 -0.012979 -0.038673 0.999168 -1.336300 0.000000 0.000000 0.000000 1.000000
0.999906 0.008440 0.010761 -0.000000 -0.008808 0.999363 0.034591 7.463500 -0.010462 -0.034682 0.999344 -1.336300 0.000000 0.000000 0.000000 1.000000
0.999937 0.007042 0.008762 0.000000 -0.007309 0.999499 0.030811 7.463500 -0.008540 -0.030873 0.999487 -1.336300 0.000000 0.000000 0.000000 1.000000
0.999972 0.002150 0.007201 0.000000 -0.002304 0.999767 0.021444 7.463500 -0.007153 -0.021460 0.999744 -1.336300 0.000000 0.000000 0.000000 1.000000
0.999969 -0.004714 0.006238 0.000000 0.004679 0.999973 0.005685 7.463500 -0.006265 -0.005655 0.999964 -1.336300 0.000000 0.000000 0.000000 1.000000
0.999908 -0.012457 0.005299 0.000000 0.012510 0.999872 -0.009980 7.463500 -0.005174 0.010045 0.999936 -1.336300 0.000000 0.000000 0.000000 1.000000
0.999803 -0.019367 0.004259 0.000000 0.019446 0.999625 -0.019259 7.463500 -0.003884 0.019338 0.999805 -1.336300 0.000000 0.000000 0.000000 1.000000
0.999698 -0.024352 0.003207 -0.000000 0.024420 0.999428 -0.023398 7.463500 -0.002635 0.023469 0.999721 -1.336300 0.000000 0.000000 0.000000 1.000000
0.999610 -0.027826 0.002248 0.000000 0.027877 0.999239 -0.027287 7.463500 -0.001487 0.027340 0.999625 -1.336300 0.000000 0.000000 0.000000 1.000000
0.999535 -0.030457 0.001423 0.000000 0.030486 0.999062 -0.030747 7.463500 -0.000485 0.030776 0.999526 -1.336300 0.000000 0.000000 0.000000 1.000000
0.999515 -0.031129 0.000977 -0.000000 0.031144 0.999002 -0.032030 7.463500 0.000022 0.032045 0.999486 -1.336300 0.000000 0.000000 0.000000 1.000000
0.999523 -0.030819 0.001916 0.000000 0.030866 0.998988 -0.032710 7.463500 -0.000906 0.032753 0.999463 -1.336300 0.000000 0.000000 0.000000 1.000000
0.999537 -0.030162 0.003978 0.000000 0.030278 0.998985 -0.033361 7.463500 -0.002968 0.033466 0.999435 -1.336300 0.000000 0.000000 0.000000 1.000000
0.999565 -0.028953 0.005654 0.000000 0.029126 0.999018 -0.033399 7.463500 -0.004682 0.033549 0.999426 -1.336300 0.000000 0.000000 0.000000 1.000000
0.999621 -0.026724 0.006605 0.000000 0.026929 0.999086 -0.033190 7.463500 -0.005712 0.033356 0.999427 -1.336300 0.000000 0.000000 0.000000 1.000000
0.999691 -0.023715 0.007504 0.000000 0.023953 0.999158 -0.033296 7.463500 -0.006708 0.033466 0.999417 -1.336300 0.000000 0.000000 0.000000 1.000000
0.999736 -0.020973 0.009369 0.000000 0.021276 0.999213 -0.033466 7.463500 -0.008660 0.033657 0.999396 -1.336300 0.000000 0.000000 0.000000 1.000000
0.999756 -0.017931 0.012893 0.000000 0.018343 0.999303 -0.032528 7.463500 -0.012300 0.032756 0.999388 -1.336300 0.000000 0.000000 0.000000 1.000000
0.999764 -0.012220 0.017957 0.000000 0.012756 0.999467 -0.030046 7.463500 -0.017580 0.030268 0.999387 -1.336300 0.000000 0.000000 0.000000 1.000000
0.999713 -0.004932 0.023438 0.000000 0.005588 0.999592 -0.028022 7.463500 -0.023290 0.028145 0.999332 -1.336300 0.000000 0.000000 0.000000 1.000000
0.999600 0.002490 0.028184 0.000000 -0.001725 0.999630 -0.027149 7.463500 -0.028241 0.027090 0.999234 -1.336300 0.000000 0.000000 0.000000 1.000000
0.999419 0.010986 0.032270 0.000000 -0.010207 0.999655 -0.024217 7.463500 -0.032525 0.023873 0.999186 -1.336300 0.000000 0.000000 0.000000 1.000000
0.999118 0.019432 0.037215 0.000000 -0.018691 0.999622 -0.020152 7.463500 -0.037592 0.019439 0.999104 -1.336300 0.000000 0.000000 0.000000 1.000000
0.998763 0.025744 0.042530 0.000000 -0.025034 0.999540 -0.017138 7.463500 -0.042952 0.016052 0.998948 -1.336300 0.000000 0.000000 0.000000 1.000000
0.998513 0.030579 0.045122 0.000000 -0.029963 0.999449 -0.014253 7.463500 -0.045533 0.012880 0.998880 -1.336300 0.000000 0.000000 0.000000 1.000000
0.998442 0.034571 0.043793 0.000000 -0.034107 0.999354 -0.011289 7.463500 -0.044155 0.009778 0.998977 -1.336300 0.000000 0.000000 0.000000 1.000000
0.998515 0.037046 0.039931 0.000000 -0.036675 0.999277 -0.009998 7.463500 -0.040273 0.008519 0.999152 -1.336300 0.000000 0.000000 0.000000 1.000000
0.998663 0.037399 0.035688 0.000000 -0.037060 0.999262 -0.010110 7.463500 -0.036040 0.008774 0.999312 -1.336300 0.000000 0.000000 0.000000 1.000000
0.998812 0.037193 0.031469 0.000000 -0.036900 0.999271 -0.009835 7.463500 -0.031812 0.008662 0.999456 -1.336300 0.000000 0.000000 0.000000 1.000000
0.998928 0.037939 0.026523 0.000000 -0.037712 0.999248 -0.008988 7.463500 -0.026844 0.007979 0.999608 -1.336300 0.000000 0.000000 0.000000 1.000000
0.999021 0.038589 0.021628 0.000000 -0.038432 0.999232 -0.007600 7.463500 -0.021905 0.006762 0.999737 -1.336300 0.000000 0.000000 0.000000 1.000000
0.999111 0.038070 0.018128 0.000000 -0.037959 0.999259 -0.006417 7.463500 -0.018359 0.005723 0.999815 -1.336300 0.000000 0.000000 0.000000 1.000000
0.999165 0.037720 0.015703 0.000000 -0.037630 0.999274 -0.005948 7.463500 -0.015916 0.005352 0.999859 -1.336300 0.000000 0.000000 0.000000 1.000000
0.999176 0.038148 0.013893 0.000000 -0.038079 0.999261 -0.005204 7.463500 -0.014081 0.004671 0.999890 -1.336300 0.000000 0.000000 0.000000 1.000000
0.999181 0.038375 0.012795 0.000000 -0.038327 0.999257 -0.003997 7.463500 -0.012939 0.003503 0.999910 -1.336300 0.000000 0.000000 0.000000 1.000000
0.999183 0.038830 0.011220 0.000000 -0.038792 0.999241 -0.003528 7.463500 -0.011348 0.003090 0.999931 -1.336300 0.000000 0.000000 0.000000 1.000000
0.999149 0.040354 0.008531 0.000000 -0.040318 0.999178 -0.004299 7.463500 -0.008697 0.003951 0.999954 -1.336300 0.000000 0.000000 0.000000 1.000000
0.999093 0.042130 0.006214 0.000000 -0.042099 0.999100 -0.005165 7.463500 -0.006426 0.004898 0.999967 -1.336300 0.000000 0.000000 0.000000 1.000000
0.999035 0.043611 0.005192 0.000000 -0.043580 0.999033 -0.005820 7.463500 -0.005441 0.005588 0.999970 -1.336300 0.000000 0.000000 0.000000 1.000000
0.998978 0.044919 0.005055 0.000000 -0.044884 0.998969 -0.006836 7.463500 -0.005357 0.006602 0.999964 -1.336300 0.000000 0.000000 0.000000 1.000000
0.998935 0.045823 0.005464 0.000000 -0.045778 0.998918 -0.008177 7.463500 -0.005833 0.007918 0.999952 -1.336300 0.000000 0.000000 0.000000 1.000000
0.998899 0.046445 0.006544 -0.000000 -0.046382 0.998880 -0.009375 7.463500 -0.006972 0.009061 0.999935 -1.336300 0.000000 0.000000 0.000000 1.000000
0.998875 0.046765 0.007899 0.000000 -0.046684 0.998858 -0.010158 7.463500 -0.008365 0.009778 0.999917 -1.336300 0.000000 0.000000 0.000000 1.000000
0.998878 0.046545 0.008737 0.000000 -0.046449 0.998861 -0.010896 7.463500 -0.009235 0.010478 0.999902 -1.336300 0.000000 0.000000 0.000000 1.000000
0.998901 0.045990 0.009074 0.000000 -0.045881 0.998877 -0.011829 7.463500 -0.009608 0.011400 0.999889 -1.336300 0.000000 0.000000 0.000000 1.000000
0.998917 0.045583 0.009281 0.000000 -0.045463 0.998885 -0.012732 7.463500 -0.009851 0.012297 0.999876 -1.336300 0.000000 0.000000 0.000000 1.000000
0.998926 0.045347 0.009543 0.000000 -0.045215 0.998884 -0.013682 7.463500 -0.010153 0.013236 0.999861 -1.336300 0.000000 0.000000 0.000000 1.000000
0.998934 0.045169 0.009545 0.000000 -0.045024 0.998875 -0.014865 7.463500 -0.010206 0.014419 0.999844 -1.336300 0.000000 0.000000 0.000000 1.000000
0.998938 0.045083 0.009546 -0.000000 -0.044926 0.998860 -0.016126 7.463500 -0.010262 0.015680 0.999824 -1.336300 0.000000 0.000000 0.000000 1.000000
0.998940 0.045021 0.009619 0.000000 -0.044851 0.998846 -0.017197 7.463500 -0.010382 0.016748 0.999806 -1.336300 0.000000 0.000000 0.000000 1.000000
0.998946 0.044831 0.009841 0.000000 -0.044649 0.998840 -0.018044 7.463500 -0.010639 0.017586 0.999789 -1.336300 0.000000 0.000000 0.000000 1.000000
0.998950 0.044723 0.009967 -0.000000 -0.044534 0.998838 -0.018416 7.463500 -0.010779 0.017953 0.999781 -1.336300 0.000000 0.000000 0.000000 1.000000</float_array><technique_common><accessor source="#mixamorig_Spine-Matrix-animation-output-transform-array" count="82" stride="16"><param type="float4x4"/></accessor></technique_common></source><source id="mixamorig_Spine-Interpolations"><Name_array id="mixamorig_Spine-Interpolations-array" count="82">
 LINEAR LINEAR LINEAR LINEAR LINEAR LINEAR LINEAR LINEAR LINEAR LINEAR LINEAR
LINEAR LINEAR LINEAR LINEAR LINEAR LINEAR LINEAR LINEAR LINEAR LINEAR LINEAR LINEAR
LINEAR LINEAR LINEAR LINEAR LINEAR LINEAR LINEAR LINEAR LINEAR LINEAR LINEAR LINEAR
LINEAR LINEAR LINEAR LINEAR LINEAR LINEAR LINEAR LINEAR LINEAR LINEAR LINEAR LINEAR
LINEAR LINEAR LINEAR LINEAR LINEAR LINEAR LINEAR LINEAR LINEAR LINEAR LINEAR LINEAR
LINEAR LINEAR LINEAR LINEAR LINEAR LINEAR LINEAR LINEAR LINEAR LINEAR LINEAR LINEAR
LINEAR LINEAR LINEAR LINEAR LINEAR LINEAR LINEAR LINEAR LINEAR LINEAR LINEAR</Name_array><technique_common><accessor source="#mixamorig_Spine-Interpolations-array" count="82"><param type="name"/></accessor></technique_common></source><sampler id="mixamorig_Spine-Matrix-animation-transform"><input semantic="INPUT" source="#mixamorig_Spine-Matrix-animation-input"/><input semantic="OUTPUT" source="#mixamorig_Spine-Matrix-animation-output-transform"/><input semantic="INTERPOLATION" source="#mixamorig_Spine-Interpolations"/></sampler><channel source="#mixamorig_Spine-Matrix-animation-transform" target="mixamorig_Spine/matrix"/></animation>
    <animation id="mixamorig_Spine1-anim" name="mixamorig_Spine1"><source id="mixamorig_Spine1-Matrix-animation-input"><float_array id="mixamorig_Spine1-Matrix-animation-input-array" count="82">

0.000000 0.033333 0.066667 0.100000 0.133333 0.166667 0.200000 0.233333 0.266667 0.300000 0.333333 0.366667 0.400000 0.433333 0.466667 0.500000
0.533333 0.566667 0.600000 0.633333 0.666667 0.700000 0.733333 0.766667 0.800000 0.833333 0.866667 0.900000 0.933333 0.966667 1.000000 1.033333
1.066667 1.100000 1.133333 1.166667 1.200000 1.233333 1.266667 1.300000 1.333333 1.366667 1.400000 1.433333 1.466667 1.500000 1.533333 1.566667
1.600000 1.633333 1.666667 1.700000 1.733333 1.766667 1.800000 1.833333 1.866667 1.900000 1.933333 1.966667 2.000000 2.033333 2.066667 2.100000
2.133333 2.166667 2.200000 2.233333 2.266667 2.300000 2.333333 2.366667 2.400000 2.433333 2.466667 2.500000 2.533333 2.566667 2.600000 2.633333
2.666667 2.700000</float_array><technique_common><accessor source="#mixamorig_Spine1-Matrix-animation-input-array" count="82"><param name="TIME" type="float"/></accessor></technique_common></source><source id="mixamorig_Spine1-Matrix-animation-output-transform"><float_array id="mixamorig_Spine1-Matrix-animation-output-transform-array" count="1312">

0.995240 0.095839 0.017651 0.000000 -0.092214 0.984758 -0.147473 8.845900 -0.031516 0.145143 0.988909 -0.000000 0.000000 0.000000 0.000000 1.000000
0.995495 0.093455 0.015977 0.000000 -0.090154 0.985223 -0.145631 8.845900 -0.029351 0.143535 0.989210 0.000000 0.000000 0.000000 0.000000 1.000000
0.996081 0.087645 0.011853 0.000000 -0.085105 0.986310 -0.141240 8.845900 -0.024070 0.139678 0.989904 0.000000 0.000000 0.000000 0.000000 1.000000
0.996771 0.080013 0.006728 -0.000000 -0.078381 0.987772 -0.134766 8.845900 -0.017429 0.133804 0.990855 0.000000 0.000000 0.000000 0.000000 1.000000
0.997391 0.072154 0.002033 0.000000 -0.071313 0.989351 -0.126885 8.845900 -0.011166 0.126410 0.991915 -0.000000 0.000000 0.000000 0.000000 1.000000
0.997808 0.066168 -0.000686 -0.000000 -0.065790 0.990897 -0.117449 8.845900 -0.007092 0.117237 0.993079 0.000000 0.000000 0.000000 0.000000 1.000000
0.997555 0.069834 -0.002561 0.000000 -0.069700 0.991666 -0.108352 8.845900 -0.005027 0.108266 0.994109 -0.000000 0.000000 0.000000 0.000000 1.000000
0.996638 0.081879 -0.003081 -0.000000 -0.081777 0.991653 -0.099688 8.845900 -0.005107 0.099604 0.995014 -0.000000 0.000000 0.000000 0.000000 1.000000
0.995591 0.093798 -0.000421 0.000000 -0.093425 0.991219 -0.093576 8.845900 -0.008360 0.093203 0.995612 0.000000 0.000000 0.000000 0.000000 1.000000
0.994297 0.106552 0.004412 0.000000 -0.105743 0.990423 -0.088769 8.845900 -0.013828 0.087796 0.996042 0.000000 0.000000 0.000000 0.000000 1.000000
0.992517 0.121510 0.012047 0.000000 -0.120143 0.989419 -0.081334 8.845900 -0.021803 0.079278 0.996614 0.000000 0.000000 0.000000 0.000000 1.000000
0.990692 0.134065 0.023586 0.000000 -0.131969 0.988409 -0.075038 8.845900 -0.033372 0.071227 0.996902 0.000000 0.000000 0.000000 0.000000 1.000000
0.989091 0.142022 0.039110 -0.000000 -0.138961 0.987661 -0.072215 8.845900 -0.048884 0.065992 0.996622 0.000000 0.000000 0.000000 0.000000 1.000000
0.988153 0.145042 0.050166 -0.000000 -0.141532 0.987622 -0.067612 8.845900 -0.059351 0.059710 0.996450 -0.000000 0.000000 0.000000 0.000000 1.000000
0.988007 0.143462 0.057102 0.000000 -0.139930 0.988238 -0.061687 8.845900 -0.065281 0.052957 0.996461 0.000000 0.000000 0.000000 0.000000 1.000000
0.988090 0.138108 0.067859 0.000000 -0.134256 0.989225 -0.058389 8.845900 -0.075192 0.048583 0.995985 0.000000 0.000000 0.000000 0.000000 1.000000
0.987927 0.132968 0.079499 0.000000 -0.128915 0.990177 -0.054128 8.845900 -0.085915 0.043226 0.995364 0.000000 0.000000 0.000000 0.000000 1.000000
0.987712 0.129346 0.087718 0.000000 -0.125619 0.990975 -0.046780 8.845900 -0.092978 0.035186 0.995046 0.000000 0.000000 0.000000 0.000000 1.000000
0.988065 0.124417 0.090814 0.000000 -0.121579 0.991923 -0.036165 8.845900 -0.094580 0.024692 0.995211 0.000000 0.000000 0.000000 0.000000 1.000000
0.988973 0.115628 0.092532 0.000000 -0.113834 0.993199 -0.024457 8.845900 -0.094730 0.013654 0.995409 0.000000 0.000000 0.000000 0.000000 1.000000
0.989511 0.099192 0.105019 0.000000 -0.097383 0.994999 -0.022236 8.845900 -0.106699 0.011776 0.994222 0.000000 0.000000 0.000000 0.000000 1.000000
0.990553 0.081429 0.110333 0.000000 -0.079862 0.996633 -0.018556 8.845900 -0.111472 0.009569 0.993721 -0.000000 0.000000 0.000000 0.000000 1.000000
0.992428 0.065279 0.104044 0.000000 -0.064340 0.997852 -0.012353 8.845900 -0.104627 0.005566 0.994496 0.000000 0.000000 0.000000 0.000000 1.000000
0.994013 0.046552 0.098849 0.000000 -0.045567 0.998887 -0.012209 8.845900 -0.099307 0.007632 0.995028 0.000000 0.000000 0.000000 0.000000 1.000000
0.995332 0.029428 0.091913 -0.000000 -0.028217 0.999497 -0.014448 8.845900 -0.092292 0.011787 0.995662 0.000000 0.000000 0.000000 0.000000 1.000000
0.996196 0.015937 0.085666 0.000000 -0.014658 0.999772 -0.015529 8.845900 -0.085894 0.014214 0.996203 0.000000 0.000000 0.000000 0.000000 1.000000
0.996950 0.005385 0.077858 0.000000 -0.004185 0.999870 -0.015568 8.845900 -0.077932 0.015194 0.996843 -0.000000 0.000000 0.000000 0.000000 1.000000
0.997763 -0.002684 0.066800 -0.000000 0.003785 0.999859 -0.016365 8.845900 -0.066747 0.016581 0.997632 0.000000 0.000000 0.000000 0.000000 1.000000
0.998506 -0.004319 0.054475 0.000000 0.005375 0.999800 -0.019243 8.845900 -0.054381 0.019507 0.998330 0.000000 0.000000 0.000000 0.000000 1.000000
0.999114 0.007840 0.041356 0.000000 -0.006741 0.999622 -0.026656 8.845900 -0.041550 0.026353 0.998789 0.000000 0.000000 0.000000 0.000000 1.000000
0.999251 0.014834 0.035748 0.000000 -0.013625 0.999335 -0.033819 8.845900 -0.036226 0.033307 0.998788 0.000000 0.000000 0.000000 0.000000 1.000000
0.999315 0.018403 0.032095 0.000000 -0.017055 0.998981 -0.041778 8.845900 -0.032831 0.041202 0.998611 0.000000 0.000000 0.000000 0.000000 1.000000
0.999416 0.017483 0.029346 0.000000 -0.016022 0.998656 -0.049282 8.845900 -0.030168 0.048783 0.998354 0.000000 0.000000 0.000000 0.000000 1.000000
0.999582 0.010202 0.027047 0.000000 -0.008345 0.997658 -0.067885 8.845900 -0.027676 0.067631 0.997326 -0.000000 0.000000 0.000000 0.000000 1.000000
0.999681 -0.002520 0.025124 0.000000 0.005001 0.995056 -0.099189 8.845900 -0.024750 0.099283 0.994751 0.000000 0.000000 0.000000 0.000000 1.000000
0.999585 -0.016783 0.023426 -0.000000 0.019695 0.991291 -0.130206 8.845900 -0.021037 0.130613 0.991210 0.000000 0.000000 0.000000 0.000000 1.000000
0.999329 -0.029619 0.021545 0.000000 0.032496 0.988379 -0.148494 8.845900 -0.016897 0.149094 0.988679 0.000000 0.000000 0.000000 0.000000 1.000000
0.999019 -0.039689 0.019633 0.000000 0.042280 0.986752 -0.156629 8.845900 -0.013156 0.157305 0.987462 -0.000000 0.000000 0.000000 0.000000 1.000000
0.998711 -0.047496 0.017904 0.000000 0.049796 0.985151 -0.164309 8.845900 -0.009834 0.164989 0.986246 -0.000000 0.000000 0.000000 0.000000 1.000000
0.998421 -0.053730 0.016389 0.000000 0.055745 0.983667 -0.171145 8.845900 -0.006926 0.171789 0.985109 0.000000 0.000000 0.000000 0.000000 1.000000
0.998325 -0.055721 0.015585 -0.000000 0.057583 0.983114 -0.173697 8.845900 -0.005643 0.174303 0.984676 0.000000 0.000000 0.000000 0.000000 1.000000
0.998305 -0.055503 0.017520 0.000000 0.057716 0.982871 -0.175025 8.845900 -0.007506 0.175739 0.984408 -0.000000 0.000000 0.000000 0.000000 1.000000
0.998282 -0.054408 0.021733 0.000000 0.057394 0.982668 -0.176263 8.845900 -0.011766 0.177207 0.984103 0.000000 0.000000 0.000000 0.000000 1.000000
0.998321 -0.052163 0.025183 0.000000 0.055797 0.982752 -0.176310 8.845900 -0.015552 0.177419 0.984013 0.000000 0.000000 0.000000 0.000000 1.000000
0.998486 -0.047829 0.027153 -0.000000 0.051873 0.983039 -0.175906 8.845900 -0.018279 0.177048 0.984032 0.000000 0.000000 0.000000 0.000000 1.000000
0.998706 -0.041809 0.028971 0.000000 0.046272 0.983277 -0.176139 8.845900 -0.021122 0.177252 0.983939 0.000000 0.000000 0.000000 0.000000 1.000000
0.998814 -0.036042 0.032725 0.000000 0.041269 0.983441 -0.176468 8.845900 -0.025823 0.177609 0.983762 0.000000 0.000000 0.000000 0.000000 1.000000
0.998776 -0.029395 0.039781 0.000000 0.035914 0.983984 -0.174601 8.845900 -0.034011 0.175816 0.983835 0.000000 0.000000 0.000000 0.000000 1.000000
0.998626 -0.016858 0.049626 0.000000 0.025067 0.985167 -0.169760 8.845900 -0.046028 0.170771 0.984235 -0.000000 0.000000 0.000000 0.000000 1.000000
0.998194 -0.001489 0.060054 0.000000 0.011453 0.986073 -0.165921 8.845900 -0.058971 0.166309 0.984309 -0.000000 0.000000 0.000000 0.000000 1.000000
0.997553 0.013027 0.068693 -0.000000 -0.001560 0.986391 -0.164406 8.845900 -0.069900 0.163897 0.983998 -0.000000 0.000000 0.000000 0.000000 1.000000
0.996716 0.029641 0.075356 0.000000 -0.017340 0.987137 -0.158931 8.845900 -0.079097 0.157103 0.984410 -0.000000 0.000000 0.000000 0.000000 1.000000
0.995447 0.046372 0.083278 0.000000 -0.033368 0.987931 -0.151259 8.845900 -0.089287 0.147792 0.984980 -0.000000 0.000000 0.000000 0.000000 1.000000
0.994022 0.059009 0.091855 0.000000 -0.045211 0.988304 -0.145639 8.845900 -0.099375 0.140616 0.985064 0.000000 0.000000 0.000000 0.000000 1.000000
0.993048 0.069341 0.095119 0.000000 -0.055596 0.988557 -0.140227 8.845900 -0.103754 0.133964 0.985540 0.000000 0.000000 0.000000 0.000000 1.000000
0.992819 0.077908 0.090777 0.000000 -0.065289 0.988756 -0.134533 8.845900 -0.100237 0.127640 0.986742 0.000000 0.000000 0.000000 0.000000 1.000000
0.993209 0.082860 0.081675 -0.000000 -0.071630 0.988664 -0.131956 8.845900 -0.091683 0.125210 0.987885 0.000000 0.000000 0.000000 0.000000 1.000000
