<?xml version="1.0" encoding="utf-8"?>
<COLLADA xmlns="http://www.collada.org/2005/11/COLLADASchema" version="1.4.1">
  <asset><contributor><author>Mixamo</author><authoring_tool>COLLADA Mixamo exporter</authoring_tool><comments></comments></contributor><created>2020-12-04T01:54:58Z</created><modified>2020-12-04T01:54:58Z</modified><revision></revision><title></title><unit meter="0.010000"/><up_axis>Y_UP</up_axis></asset>
  <library_animations>
    <animation id="mixamorig_Hips-anim" name="mixamorig_Hips"><source id="mixamorig_Hips-Matrix-animation-input"><float_array id="mixamorig_Hips-Matrix-animation-input-array" count="120">

0.000000 0.033333 0.066667 0.100000 0.133333 0.166667 0.200000 0.233333 0.266667 0.300000 0.333333 0.366667 0.400000 0.433333 0.466667 0.500000
0.533333 0.566667 0.600000 0.633333 0.666667 0.700000 0.733333 0.766667 0.800000 0.833333 0.866667 0.900000 0.933333 0.966667 1.000000 1.033333
1.066667 1.100000 1.133333 1.166667 1.200000 1.233333 1.266667 1.300000 1.333333 1.366667 1.400000 1.433333 1.466667 1.500000 1.533333 1.566667
1.600000 1.633333 1.666667 1.700000 1.733333 1.766667 1.800000 1.833333 1.866667 1.900000 1.933333 1.966667 2.000000 2.033333 2.066667 2.100000
2.133333 2.166667 2.200000 2.233333 2.266667 2.300000 2.333333 2.366667 2.400000 2.433333 2.466667 2.500000 2.533333 2.566667 2.600000 2.633333
2.666667 2.700000 2.733333 2.766667 2.800000 2.833333 2.866667 2.900000 2.933333 2.966667 3.000000 3.033333 3.066667 3.100000 3.133333 3.166667
3.200000 3.233333 3.266667 3.300000 3.333333 3.366667 3.400000 3.433333 3.466667 3.500000 3.533333 3.566667 3.600000 3.633333 3.666667 3.700000
3.733333 3.766667 3.800000 3.833333 3.866667 3.900000 3.933333 3.966667</float_array><technique_common><accessor source="#mixamorig_Hips-Matrix-animation-input-array" count="120"><param name="TIME" type="float"/></accessor></technique_common></source><source id="mixamorig_Hips-Matrix-animation-output-transform"><float_array id="mixamorig_Hips-Matrix-animation-output-transform-array" count="1920">

0.874590 -0.017658 -0.484542 0.571795 -0.004466 0.999001 -0.044467 95.399948 0.484843 0.041055 0.873637 -1.354875 0.000000 0.000000 0.000000 1.000000
0.874613 -0.017650 -0.484501 0.571301 -0.004472 0.999001 -0.044467 95.400963 0.484802 0.041058 0.873660 -1.357096 0.000000 0.000000 0.000000 1.000000
0.874770 -0.017725 -0.484214 0.573201 -0.004467 0.998993 -0.044638 95.402016 0.484518 0.041211 0.873810 -1.366648 0.000000 0.000000 0.000000 1.000000
0.875114 -0.017801 -0.483590 0.573438 -0.004471 0.998983 -0.044864 95.403084 0.483897 0.041424 0.874144 -1.381283 0.000000 0.000000 0.000000 1.000000
0.875635 -0.017876 -0.482643 0.574991 -0.004479 0.998971 -0.045124 95.404175 0.482953 0.041674 0.874654 -1.400924 0.000000 0.000000 0.000000 1.000000
0.876313 -0.017870 -0.481412 0.574876 -0.004486 0.998966 -0.045248 95.405128 0.481722 0.041811 0.875326 -1.427030 0.000000 0.000000 0.000000 1.000000
0.877114 -0.017746 -0.479954 0.575223 -0.004656 0.998956 -0.045445 95.406105 0.480259 0.042095 0.876116 -1.456239 0.000000 0.000000 0.000000 1.000000
0.877882 -0.017632 -0.478552 0.575210 -0.004925 0.998937 -0.045839 95.407013 0.478851 0.042598 0.876862 -1.490608 0.000000 0.000000 0.000000 1.000000
0.878402 -0.017310 -0.477609 0.572812 -0.005458 0.998915 -0.046242 95.407249 0.477891 0.043226 0.877355 -1.527719 0.000000 0.000000 0.000000 1.000000
0.878640 -0.016975 -0.477183 0.567794 -0.006051 0.998892 -0.046676 95.407776 0.477447 0.043898 0.877563 -1.569384 0.000000 0.000000 0.000000 1.000000
0.878812 -0.016503 -0.476883 0.560463 -0.006754 0.998871 -0.047013 95.408783 0.477121 0.044537 0.877708 -1.613295 0.000000 0.000000 0.000000 1.000000
0.879241 -0.015812 -0.476114 0.549661 -0.007570 0.998859 -0.047152 95.409126 0.476316 0.045063 0.878119 -1.662896 0.000000 0.000000 0.000000 1.000000
0.880227 -0.015079 -0.474313 0.536595 -0.008187 0.998864 -0.046948 95.409508 0.474482 0.045208 0.879103 -1.715971 0.000000 0.000000 0.000000 1.000000
0.881917 -0.014508 -0.471182 0.522580 -0.008634 0.998862 -0.046915 95.409676 0.471326 0.045443 0.880787 -1.771727 0.000000 0.000000 0.000000 1.000000
0.884235 -0.013891 -0.466836 0.508125 -0.008957 0.998869 -0.046689 95.409775 0.466957 0.045465 0.883111 -1.830468 0.000000 0.000000 0.000000 1.000000
0.886995 -0.013300 -0.461588 0.494437 -0.009180 0.998880 -0.046423 95.409775 0.461688 0.045414 0.885879 -1.891347 0.000000 0.000000 0.000000 1.000000
0.890039 -0.012729 -0.455708 0.481287 -0.009335 0.998892 -0.046133 95.409286 0.455790 0.045315 0.888933 -1.954231 0.000000 0.000000 0.000000 1.000000
0.893266 -0.012328 -0.449359 0.471551 -0.009452 0.998888 -0.046193 95.408417 0.449429 0.045510 0.892156 -2.016995 0.000000 0.000000 0.000000 1.000000
0.896624 -0.011971 -0.442632 0.463887 -0.009551 0.998879 -0.046360 95.407043 0.442691 0.045795 0.895504 -2.082527 0.000000 0.000000 0.000000 1.000000
0.900050 -0.011507 -0.435634 0.455981 -0.009636 0.998882 -0.046291 95.404495 0.435680 0.045862 0.898933 -2.147058 0.000000 0.000000 0.000000 1.000000
0.903375 -0.011071 -0.428708 0.457960 -0.009696 0.998884 -0.046227 95.401970 0.428741 0.045918 0.902260 -2.213438 0.000000 0.000000 0.000000 1.000000
0.906305 -0.010755 -0.422487 0.468629 -0.009729 0.998880 -0.046298 95.398750 0.422512 0.046070 0.905186 -2.279724 0.000000 0.000000 0.000000 1.000000
0.908759 -0.010427 -0.417191 0.487967 -0.010079 0.998848 -0.046920 95.395226 0.417199 0.046844 0.907607 -2.343473 0.000000 0.000000 0.000000 1.000000
0.911075 -0.010612 -0.412105 0.511842 -0.009595 0.998852 -0.046934 95.391739 0.412130 0.046714 0.909927 -2.410818 0.000000 0.000000 0.000000 1.000000
0.913666 -0.011109 -0.406313 0.541850 -0.008755 0.998857 -0.046996 95.388458 0.406371 0.046495 0.912525 -2.477304 0.000000 0.000000 0.000000 1.000000
0.916496 -0.011871 -0.399869 0.576252 -0.007653 0.998856 -0.047196 95.384903 0.399972 0.046315 0.915357 -2.542775 0.000000 0.000000 0.000000 1.000000
0.919256 -0.012607 -0.393457 0.614985 -0.006786 0.998831 -0.047858 95.380852 0.393601 0.046664 0.918096 -2.604589 0.000000 0.000000 0.000000 1.000000
0.921728 -0.013719 -0.387593 0.656382 -0.005633 0.998795 -0.048749 95.376968 0.387795 0.047117 0.920541 -2.664316 0.000000 0.000000 0.000000 1.000000
0.923864 -0.014718 -0.382438 0.701345 -0.004388 0.998787 -0.049038 95.373466 0.382696 0.046983 0.922679 -2.724836 0.000000 0.000000 0.000000 1.000000
0.925630 -0.015786 -0.378101 0.747510 -0.003234 0.998763 -0.049617 95.370041 0.378417 0.047149 0.924434 -2.781203 0.000000 0.000000 0.000000 1.000000
0.926959 -0.016883 -0.374782 0.795044 -0.002143 0.998732 -0.050291 95.367493 0.375156 0.047421 0.925748 -2.835935 0.000000 0.000000 0.000000 1.000000
0.928000 -0.017670 -0.372162 0.844818 -0.001694 0.998664 -0.051639 95.365074 0.372577 0.048552 0.926730 -2.883774 0.000000 0.000000 0.000000 1.000000
0.928938 -0.019076 -0.369743 0.891994 -0.000483 0.998608 -0.052735 95.363312 0.370234 0.049166 0.927636 -2.930781 0.000000 0.000000 0.000000 1.000000
0.929850 -0.020374 -0.367373 0.938462 0.000578 0.998545 -0.053917 95.361908 0.367937 0.049922 0.928510 -2.973340 0.000000 0.000000 0.000000 1.000000
0.930739 -0.021789 -0.365033 0.983054 0.001758 0.998478 -0.055116 95.360771 0.365679 0.050657 0.929362 -3.012608 0.000000 0.000000 0.000000 1.000000
0.931665 -0.023226 -0.362574 1.025102 0.003057 0.998420 -0.056101 95.359840 0.363305 0.051159 0.930265 -3.048404 0.000000 0.000000 0.000000 1.000000
0.932574 -0.024607 -0.360140 1.064605 0.004422 0.998378 -0.056765 95.359344 0.360952 0.051344 0.931170 -3.081661 0.000000 0.000000 0.000000 1.000000
0.933383 -0.026001 -0.357939 1.099680 0.005799 0.998335 -0.057398 95.358734 0.358836 0.051498 0.931979 -3.109593 0.000000 0.000000 0.000000 1.000000
0.934159 -0.027296 -0.355813 1.130665 0.007095 0.998294 -0.057956 95.358574 0.356787 0.051615 0.932759 -3.133340 0.000000 0.000000 0.000000 1.000000
0.935054 -0.028595 -0.353350 1.155845 0.008466 0.998258 -0.058381 95.358299 0.354404 0.051598 0.933668 -3.145790 0.000000 0.000000 0.000000 1.000000
0.936110 -0.029896 -0.350434 1.174967 0.009898 0.998226 -0.058718 95.358307 0.351568 0.051498 0.934745 -3.142032 0.000000 0.000000 0.000000 1.000000
0.937102 -0.030941 -0.347682 1.188245 0.011181 0.998213 -0.058697 95.358475 0.348877 0.051117 0.935773 -3.131916 0.000000 0.000000 0.000000 1.000000
0.937743 -0.031906 -0.345862 1.193318 0.012303 0.998198 -0.058728 95.358955 0.347113 0.050817 0.936446 -3.115812 0.000000 0.000000 0.000000 1.000000
0.937976 -0.032630 -0.345162 1.191307 0.013107 0.998187 -0.058745 95.359962 0.346453 0.050577 0.936703 -3.094020 0.000000 0.000000 0.000000 1.000000
0.937882 -0.033260 -0.345357 1.183253 0.013797 0.998183 -0.058661 95.361008 0.346681 0.050252 0.936636 -3.066722 0.000000 0.000000 0.000000 1.000000
0.937629 -0.033811 -0.345990 1.173037 0.014402 0.998183 -0.058516 95.362442 0.347340 0.049884 0.936412 -3.033704 0.000000 0.000000 0.000000 1.000000
0.937323 -0.034271 -0.346773 1.156373 0.014888 0.998182 -0.058406 95.363846 0.348144 0.049583 0.936129 -2.996823 0.000000 0.000000 0.000000 1.000000
0.937014 -0.034606 -0.347573 1.134852 0.015245 0.998184 -0.058285 95.365387 0.348959 0.049316 0.935840 -2.954074 0.000000 0.000000 0.000000 1.000000
0.936659 -0.034855 -0.348505 1.111078 0.015488 0.998185 -0.058205 95.367233 0.349901 0.049120 0.935498 -2.907065 0.000000 0.000000 0.000000 1.000000
0.936173 -0.035194 -0.349774 1.083483 0.015819 0.998186 -0.058095 95.369110 0.351184 0.048854 0.935031 -2.857022 0.000000 0.000000 0.000000 1.000000
0.935608 -0.035372 -0.351264 1.053617 0.015973 0.998190 -0.057971 95.371147 0.352679 0.048628 0.934480 -2.802649 0.000000 0.000000 0.000000 1.000000
0.935093 -0.035447 -0.352624 1.019663 0.016047 0.998200 -0.057789 95.373245 0.354038 0.048380 0.933979 -2.745852 0.000000 0.000000 0.000000 1.000000
0.934717 -0.035464 -0.353619 0.984053 0.016100 0.998213 -0.057551 95.374985 0.355028 0.048100 0.933617 -2.686767 0.000000 0.000000 0.000000 1.000000
0.934469 -0.035477 -0.354274 0.946747 0.016125 0.998219 -0.057430 95.376984 0.355680 0.047954 0.933377 -2.624188 0.000000 0.000000 0.000000 1.000000
0.934297 -0.035450 -0.354730 0.906211 0.016100 0.998224 -0.057354 95.379089 0.356133 0.047874 0.933208 -2.560903 0.000000 0.000000 0.000000 1.000000
0.934130 -0.035321 -0.355180 0.864835 0.015974 0.998232 -0.057258 95.381126 0.356575 0.047812 0.933043 -2.494312 0.000000 0.000000 0.000000 1.000000
0.933887 -0.035171 -0.355833 0.821069 0.015809 0.998239 -0.057175 95.383652 0.357218 0.047770 0.932799 -2.425707 0.000000 0.000000 0.000000 1.000000
0.933579 -0.035035 -0.356656 0.777158 0.015643 0.998245 -0.057113 95.386391 0.358031 0.047740 0.932489 -2.357107 0.000000 0.000000 0.000000 1.000000
0.933370 -0.034903 -0.357214 0.731300 0.015489 0.998250 -0.057069 95.389397 0.358581 0.047733 0.932277 -2.287120 0.000000 0.000000 0.000000 1.000000
0.933435 -0.034774 -0.357058 0.684016 0.015370 0.998254 -0.057038 95.391464 0.358418 0.047754 0.932339 -2.214717 0.000000 0.000000 0.000000 1.000000
0.933436 -0.034497 -0.357082 0.638457 0.015101 0.998262 -0.056965 95.394028 0.358427 0.047781 0.932334 -2.144191 0.000000 0.000000 0.000000 1.000000
0.932849 -0.033913 -0.358668 0.592783 0.014460 0.998282 -0.056782 95.396904 0.359977 0.047783 0.931737 -2.074375 0.000000 0.000000 0.000000 1.000000
0.931590 -0.032841 -0.362024 0.547924 0.013269 0.998319 -0.056417 95.400475 0.363268 0.047754 0.930460 -2.006818 0.000000 0.000000 0.000000 1.000000
0.930767 -0.032020 -0.364207 0.502688 0.012331 0.998340 -0.056258 95.403625 0.365404 0.047872 0.929617 -1.939131 0.000000 0.000000 0.000000 1.000000
0.931273 -0.031967 -0.362917 0.456082 0.012207 0.998322 -0.056611 95.405945 0.364117 0.048290 0.930100 -1.871302 0.000000 0.000000 0.000000 1.000000
0.932168 -0.032186 -0.360592 0.408745 0.012393 0.998293 -0.057069 95.408127 0.361814 0.048729 0.930976 -1.805211 0.000000 0.000000 0.000000 1.000000
0.932398 -0.031971 -0.360016 0.364954 0.012098 0.998283 -0.057319 95.410675 0.361230 0.049088 0.931184 -1.742168 0.000000 0.000000 0.000000 1.000000
0.932074 -0.031404 -0.360904 0.321685 0.011199 0.998257 -0.057941 95.413193 0.362094 0.049963 0.930801 -1.680344 0.000000 0.000000 0.000000 1.000000
0.931791 -0.031053 -0.361664 0.279866 0.010641 0.998243 -0.058294 95.415543 0.362839 0.050469 0.930484 -1.622630 0.000000 0.000000 0.000000 1.000000
0.931876 -0.030730 -0.361473 0.240368 0.010137 0.998223 -0.058728 95.417419 0.362635 0.051063 0.930531 -1.568413 0.000000 0.000000 0.000000 1.000000
0.932351 -0.030369 -0.360276 0.203130 0.009636 0.998199 -0.059204 95.418388 0.361425 0.051728 0.930965 -1.517954 0.000000 0.000000 0.000000 1.000000
0.933060 -0.030060 -0.358461 0.168422 0.009151 0.998163 -0.059883 95.420113 0.359603 0.052595 0.931622 -1.471179 0.000000 0.000000 0.000000 1.000000
0.933753 -0.029671 -0.356686 0.136561 0.008566 0.998125 -0.060605 95.421661 0.357816 0.053535 0.932256 -1.428358 0.000000 0.000000 0.000000 1.000000
0.934209 -0.029133 -0.355534 0.108250 0.007747 0.998081 -0.061430 95.422745 0.356642 0.054634 0.932642 -1.390032 0.000000 0.000000 0.000000 1.000000
0.934503 -0.028537 -0.354809 0.083306 0.006777 0.998027 -0.062421 95.424156 0.355890 0.055928 0.932853 -1.356106 0.000000 0.000000 0.000000 1.000000
0.934693 -0.028482 -0.354314 0.059271 0.006314 0.997958 -0.063566 95.425232 0.355401 0.057177 0.932963 -1.320927 0.000000 0.000000 0.000000 1.000000
0.934125 -0.032034 -0.355506 0.024778 0.010455 0.997993 -0.062456 95.428223 0.356793 0.054625 0.932585 -1.299682 0.000000 0.000000 0.000000 1.000000
0.932417 -0.032501 -0.359919 0.004892 0.010128 0.997907 -0.063873 95.430817 0.361241 0.055912 0.930795 -1.265775 0.000000 0.000000 0.000000 1.000000
0.929467 -0.031918 -0.367521 -0.006785 0.008524 0.997842 -0.065104 95.433472 0.368806 0.057379 0.927734 -1.234199 0.000000 0.000000 0.000000 1.000000
0.925608 -0.031176 -0.377197 -0.014165 0.006496 0.997764 -0.066527 95.435966 0.378427 0.059127 0.923741 -1.207477 0.000000 0.000000 0.000000 1.000000
0.921027 -0.030334 -0.388315 -0.016613 0.003934 0.997636 -0.068603 95.437752 0.389478 0.061658 0.918970 -1.184478 0.000000 0.000000 0.000000 1.000000
0.915810 -0.029630 -0.400516 -0.016449 0.001262 0.997482 -0.070906 95.439507 0.401609 0.064431 0.913542 -1.161478 0.000000 0.000000 0.000000 1.000000
0.910244 -0.029454 -0.413024 -0.016521 -0.000592 0.997373 -0.072429 95.441177 0.414072 0.066172 0.907836 -1.142590 0.000000 0.000000 0.000000 1.000000
0.904847 -0.028700 -0.424769 -0.012465 -0.003216 0.997236 -0.074231 95.442421 0.425725 0.068534 0.902253 -1.121530 0.000000 0.000000 0.000000 1.000000
0.899887 -0.027630 -0.435247 -0.004665 -0.006061 0.997102 -0.075829 95.443214 0.436081 0.070875 0.897112 -1.100483 0.000000 0.000000 0.000000 1.000000
0.895224 -0.026801 -0.444809 0.003781 -0.008660 0.996955 -0.077498 95.443329 0.445532 0.073230 0.892266 -1.079705 0.000000 0.000000 0.000000 1.000000
0.890594 -0.026162 -0.454046 0.013371 -0.011111 0.996794 -0.079230 95.443481 0.454663 0.075607 0.887449 -1.058962 0.000000 0.000000 0.000000 1.000000
0.886008 -0.026256 -0.462927 0.021380 -0.013079 0.996583 -0.081557 95.443047 0.463486 0.078315 0.882637 -1.037229 0.000000 0.000000 0.000000 1.000000
0.881698 -0.026755 -0.471056 0.029483 -0.013990 0.996469 -0.082785 95.443794 0.471607 0.079581 0.878210 -1.021394 0.000000 0.000000 0.000000 1.000000
0.877797 -0.024964 -0.478381 0.047997 -0.017518 0.996300 -0.084136 95.443245 0.478711 0.082235 0.874113 -1.000986 0.000000 0.000000 0.000000 1.000000
0.873776 -0.024490 -0.485711 0.062673 -0.018775 0.996288 -0.084011 95.444305 0.485965 0.082526 0.870073 -0.990465 0.000000 0.000000 0.000000 1.000000
0.869375 -0.023999 -0.493569 0.078230 -0.020582 0.996195 -0.084690 95.444420 0.493723 0.083786 0.865573 -0.976779 0.000000 0.000000 0.000000 1.000000
0.864822 -0.023262 -0.501539 0.095629 -0.022834 0.996070 -0.085573 95.443848 0.501558 0.085457 0.860893 -0.962440 0.000000 0.000000 0.000000 1.000000
0.860615 -0.022259 -0.508769 0.115061 -0.025091 0.995978 -0.086017 95.443230 0.508637 0.086794 0.856595 -0.950467 0.000000 0.000000 0.000000 1.000000
0.857048 -0.021728 -0.514778 0.133839 -0.026625 0.995908 -0.086363 95.442284 0.514548 0.087723 0.852963 -0.941243 0.000000 0.000000 0.000000 1.000000
0.854163 -0.021087 -0.519578 0.153932 -0.027854 0.995888 -0.086210 95.440849 0.519259 0.088110 0.850063 -0.934502 0.000000 0.000000 0.000000 1.000000
0.851998 -0.020450 -0.523146 0.174928 -0.028743 0.995903 -0.085741 95.438980 0.522756 0.088088 0.847919 -0.930728 0.000000 0.000000 0.000000 1.000000
0.850555 -0.019983 -0.525506 0.196480 -0.029138 0.995952 -0.085034 95.436768 0.525078 0.087639 0.846530 -0.929941 0.000000 0.000000 0.000000 1.000000
0.849594 -0.019669 -0.527070 0.218350 -0.028959 0.996057 -0.083851 95.434532 0.526641 0.086502 0.845675 -0.932688 0.000000 0.000000 0.000000 1.000000
0.848800 -0.019330 -0.528360 0.240482 -0.028525 0.996202 -0.082271 95.432266 0.527943 0.084903 0.845025 -0.938961 0.000000 0.000000 0.000000 1.000000
0.848179 -0.018721 -0.529379 0.263673 -0.028225 0.996358 -0.080459 95.429527 0.528957 0.083186 0.844562 -0.947203 0.000000 0.000000 0.000000 1.000000
0.848075 -0.018170 -0.529565 0.286832 -0.027745 0.996518 -0.078625 95.426521 0.529149 0.081372 0.844618 -0.956893 0.000000 0.000000 0.000000 1.000000
0.848738 -0.017745 -0.528516 0.309848 -0.026976 0.996683 -0.076785 95.423195 0.528125 0.079428 0.845444 -0.967874 0.000000 0.000000 0.000000 1.000000
0.849987 -0.017518 -0.526512 0.332391 -0.025863 0.996854 -0.074919 95.419815 0.526168 0.077297 0.846860 -0.980221 0.000000 0.000000 0.000000 1.000000
0.851480 -0.017342 -0.524100 0.354492 -0.024510 0.997045 -0.072811 95.416512 0.523814 0.074843 0.848538 -0.994594 0.000000 0.000000 0.000000 1.000000
0.853102 -0.017080 -0.521465 0.376577 -0.022960 0.997267 -0.070227 95.413605 0.521239 0.071884 0.850378 -1.011406 0.000000 0.000000 0.000000 1.000000
0.854895 -0.016763 -0.518530 0.398704 -0.021257 0.997507 -0.067293 95.410942 0.518365 0.068551 0.852407 -1.030118 0.000000 0.000000 0.000000 1.000000
0.856917 -0.016635 -0.515186 0.419486 -0.019354 0.997736 -0.064409 95.408203 0.515091 0.065164 0.854655 -1.049183 0.000000 0.000000 0.000000 1.000000
0.859108 -0.016621 -0.511524 0.439229 -0.017440 0.997941 -0.061715 95.405731 0.511497 0.061941 0.857050 -1.067721 0.000000 0.000000 0.000000 1.000000
0.861397 -0.016524 -0.507663 0.458487 -0.015679 0.998129 -0.059093 95.403320 0.507690 0.058862 0.859527 -1.085641 0.000000 0.000000 0.000000 1.000000
0.863780 -0.016508 -0.503599 0.476849 -0.013930 0.998299 -0.056617 95.401413 0.503677 0.055920 0.862080 -1.102617 0.000000 0.000000 0.000000 1.000000
0.866328 -0.016356 -0.499208 0.494731 -0.012410 0.998450 -0.054249 95.399643 0.499322 0.053193 0.864782 -1.117956 0.000000 0.000000 0.000000 1.000000
0.868925 -0.016425 -0.494672 0.510325 -0.010887 0.998573 -0.052280 95.397797 0.494825 0.050813 0.867506 -1.133125 0.000000 0.000000 0.000000 1.000000
0.871210 -0.016527 -0.490633 0.524558 -0.009609 0.998668 -0.050704 95.396255 0.490817 0.048888 0.869890 -1.154805 0.000000 0.000000 0.000000 1.000000
0.872916 -0.016743 -0.487584 0.536967 -0.008499 0.998737 -0.049510 95.395477 0.487797 0.047362 0.871671 -1.181483 0.000000 0.000000 0.000000 1.000000
0.874004 -0.016934 -0.485623 0.547332 -0.007562 0.998798 -0.048439 95.395325 0.485860 0.046008 0.872825 -1.212946 0.000000 0.000000 0.000000 1.000000
0.874634 -0.016928 -0.484489 0.556783 -0.006856 0.998858 -0.047277 95.396156 0.484736 0.044672 0.873519 -1.246744 0.000000 0.000000 0.000000 1.000000
0.874920 -0.016636 -0.483982 0.565396 -0.006522 0.998914 -0.046126 95.397507 0.484224 0.043513 0.873861 -1.281173 0.000000 0.000000 0.000000 1.000000
0.874917 -0.016794 -0.483981 0.570723 -0.005977 0.998948 -0.045468 95.398239 0.484235 0.042674 0.873896 -1.312395 0.000000 0.000000 0.000000 1.000000
0.874703 -0.017236 -0.484353 0.572640 -0.005137 0.998982 -0.044827 95.399200 0.484633 0.041699 0.873723 -1.342495 0.000000 0.000000 0.000000 1.000000</float_array><technique_common><accessor source="#mixamorig_Hips-Matrix-animation-output-transform-array" count="120" stride="16"><param type="float4x4"/></accessor></technique_common></source><source id="mixamorig_Hips-Interpolations"><Name_array id="mixamorig_Hips-Interpolations-array" count="120">
 LINEAR LINEAR LINEAR LINEAR LINEAR LINEAR LINEAR LINEAR LINEAR LINEAR LINEAR
LINEAR LINEAR LINEAR LINEAR LINEAR LINEAR LINEAR LINEAR LINEAR LINEAR LINEAR LINEAR
LINEAR LINEAR LINEAR LINEAR LINEAR LINEAR LINEAR LINEAR LINEAR LINEAR LINEAR LINEAR
LINEAR LINEAR LINEAR LINEAR LINEAR LINEAR LINEAR LINEAR LINEAR LINEAR LINEAR LINEAR
LINEAR LINEAR LINEAR LINEAR LINEAR LINEAR LINEAR LINEAR LINEAR LINEAR LINEAR LINEAR
LINEAR LINEAR LINEAR LINEAR LINEAR LINEAR LINEAR LINEAR LINEAR LINEAR LINEAR LINEAR
LINEAR LINEAR LINEAR LINEAR LINEAR LINEAR LINEAR LINEAR LINEAR LINEAR LINEAR LINEAR
LINEAR LINEAR LINEAR LINEAR LINEAR LINEAR LINEAR LINEAR LINEAR LINEAR LINEAR LINEAR
LINEAR LINEAR LINEAR LINEAR LINEAR LINEAR LINEAR LINEAR LINEAR LINEAR LINEAR LINEAR
LINEAR LINEAR LINEAR LINEAR LINEAR LINEAR LINEAR LINEAR LINEAR LINEAR LINEAR LINEAR
LINEAR</Name_array><technique_common><accessor source="#mixamorig_Hips-Interpolations-array" count="120"><param type="name"/></accessor></technique_common></source><sampler id="mixamorig_Hips-Matrix-animation-transform"><input semantic="INPUT" source="#mixamorig_Hips-Matrix-animation-input"/><input semantic="OUTPUT" source="#mixamorig_Hips-Matrix-animation-output-transform"/><input semantic="INTERPOLATION" source="#mixamorig_Hips-Interpolations"/></sampler><channel source="#mixamorig_Hips-Matrix-animation-transform" target="mixamorig_Hips/matrix"/></animation>
    <animation id="mixamorig_Spine-anim" name="mixamorig_Spine"><source id="mixamorig_Spine-Matrix-animation-input"><float_array id="mixamorig_Spine-Matrix-animation-input-array" count="120">

0.000000 0.033333 0.066667 0.100000 0.133333 0.166667 0.200000 0.233333 0.266667 0.300000 0.333333 0.366667 0.400000 0.433333 0.466667 0.500000
0.533333 0.566667 0.600000 0.633333 0.666667 0.700000 0.733333 0.766667 0.800000 0.833333 0.866667 0.900000 0.933333 0.966667 1.000000 1.033333
1.066667 1.100000 1.133333 1.166667 1.200000 1.233333 1.266667 1.300000 1.333333 1.366667 1.400000 1.433333 1.466667 1.500000 1.533333 1.566667
1.600000 1.633333 1.666667 1.700000 1.733333 1.766667 1.800000 1.833333 1.866667 1.900000 1.933333 1.966667 2.000000 2.033333 2.066667 2.100000
2.133333 2.166667 2.200000 2.233333 2.266667 2.300000 2.333333 2.366667 2.400000 2.433333 2.466667 2.500000 2.533333 2.566667 2.600000 2.633333
2.666667 2.700000 2.733333 2.766667 2.800000 2.833333 2.866667 2.900000 2.933333 2.966667 3.000000 3.033333 3.066667 3.100000 3.133333 3.166667
3.200000 3.233333 3.266667 3.300000 3.333333 3.366667 3.400000 3.433333 3.466667 3.500000 3.533333 3.566667 3.600000 3.633333 3.666667 3.700000
3.733333 3.766667 3.800000 3.833333 3.866667 3.900000 3.933333 3.966667</float_array><technique_common><accessor source="#mixamorig_Spine-Matrix-animation-input-array" count="120"><param name="TIME" type="float"/></accessor></technique_common></source><source id="mixamorig_Spine-Matrix-animation-output-transform"><float_array id="mixamorig_Spine-Matrix-animation-output-transform-array" count="1920">

0.998912 0.046594 0.001863 0.000000 -0.046631 0.998102 0.040232 7.463500 0.000016 -0.040275 0.999189 -1.336300 0.000000 0.000000 0.000000 1.000000
0.998912 0.046588 0.001864 0.000000 -0.046625 0.998102 0.040232 7.463500 0.000014 -0.040275 0.999189 -1.336300 0.000000 0.000000 0.000000 1.000000
0.998912 0.046595 0.001863 0.000000 -0.046632 0.998102 0.040232 7.463500 0.000015 -0.040275 0.999189 -1.336300 0.000000 0.000000 0.000000 1.000000
0.998912 0.046593 0.001863 0.000000 -0.046630 0.998102 0.040232 7.463500 0.000015 -0.040275 0.999189 -1.336300 0.000000 0.000000 0.000000 1.000000
0.998912 0.046590 0.001892 -0.000000 -0.046629 0.998102 0.040231 7.463500 -0.000014 -0.040275 0.999189 -1.336300 0.000000 0.000000 0.000000 1.000000
0.998900 0.046821 0.002394 0.000000 -0.046880 0.998100 0.039978 7.463500 -0.000518 -0.040046 0.999198 -1.336300 0.000000 0.000000 0.000000 1.000000
0.998895 0.046905 0.002979 -0.000000 -0.046987 0.998107 0.039688 7.463500 -0.001112 -0.039784 0.999208 -1.336300 0.000000 0.000000 0.000000 1.000000
0.998889 0.046985 0.003701 0.000000 -0.047094 0.998113 0.039406 7.463500 -0.001842 -0.039536 0.999216 -1.336300 0.000000 0.000000 0.000000 1.000000
0.998880 0.047107 0.004485 0.000000 -0.047247 0.998112 0.039254 7.463500 -0.002627 -0.039422 0.999219 -1.336300 0.000000 0.000000 0.000000 1.000000
0.998871 0.047226 0.005049 0.000000 -0.047388 0.998108 0.039184 7.463500 -0.003189 -0.039379 0.999219 -1.336300 0.000000 0.000000 0.000000 1.000000
0.998860 0.047393 0.005731 0.000000 -0.047582 0.998102 0.039104 7.463500 -0.003867 -0.039332 0.999219 -1.336300 0.000000 0.000000 0.000000 1.000000
0.998849 0.047534 0.006371 0.000000 -0.047748 0.998095 0.039064 7.463500 -0.004502 -0.039324 0.999216 -1.336300 0.000000 0.000000 0.000000 1.000000
0.998836 0.047668 0.007408 0.000000 -0.047921 0.998099 0.038765 7.463500 -0.005546 -0.039075 0.999221 -1.336300 0.000000 0.000000 0.000000 1.000000
0.998824 0.047766 0.008326 0.000000 -0.048054 0.998094 0.038731 7.463500 -0.006460 -0.039086 0.999215 -1.336300 0.000000 0.000000 0.000000 1.000000
0.998812 0.047839 0.009320 0.000000 -0.048164 0.998095 0.038557 7.463500 -0.007458 -0.038960 0.999213 -1.336300 0.000000 0.000000 0.000000 1.000000
0.998798 0.047883 0.010486 -0.000000 -0.048252 0.998101 0.038279 7.463500 -0.008633 -0.038739 0.999212 -1.336300 0.000000 0.000000 0.000000 1.000000
0.998784 0.047884 0.011763 0.000000 -0.048300 0.998109 0.038024 7.463500 -0.009920 -0.038545 0.999208 -1.336300 0.000000 0.000000 0.000000 1.000000
0.998779 0.047748 0.012657 0.000000 -0.048196 0.998122 0.037809 7.463500 -0.010828 -0.038373 0.999205 -1.336300 0.000000 0.000000 0.000000 1.000000
0.998748 0.048242 0.013234 0.000000 -0.048705 0.998121 0.037170 7.463500 -0.011416 -0.037768 0.999221 -1.336300 0.000000 0.000000 0.000000 1.000000
0.998742 0.048250 0.013621 -0.000000 -0.048722 0.998136 0.036742 7.463500 -0.011822 -0.037359 0.999232 -1.336300 0.000000 0.000000 0.000000 1.000000
0.998727 0.048308 0.014548 0.000000 -0.048808 0.998151 0.036224 7.463500 -0.012771 -0.036888 0.999238 -1.336300 0.000000 0.000000 0.000000 1.000000
0.998723 0.048263 0.014928 0.000000 -0.048769 0.998175 0.035624 7.463500 -0.013181 -0.036307 0.999254 -1.336300 0.000000 0.000000 0.000000 1.000000
0.998742 0.047721 0.015399 0.000000 -0.048245 0.998197 0.035698 7.463500 -0.013668 -0.036396 0.999244 -1.336300 0.000000 0.000000 0.000000 1.000000
0.998725 0.048001 0.015622 0.000000 -0.048520 0.998218 0.034748 7.463500 -0.013927 -0.035462 0.999274 -1.336300 0.000000 0.000000 0.000000 1.000000
0.998715 0.048072 0.016022 0.000000 -0.048593 0.998243 0.033917 7.463500 -0.014363 -0.034652 0.999296 -1.336300 0.000000 0.000000 0.000000 1.000000
0.998716 0.047958 0.016331 0.000000 -0.048479 0.998274 0.033148 7.463500 -0.014714 -0.033897 0.999317 -1.336300 0.000000 0.000000 0.000000 1.000000
0.998749 0.047379 0.015989 -0.000000 -0.047879 0.998326 0.032457 7.463500 -0.014424 -0.033181 0.999345 -1.336300 0.000000 0.000000 0.000000 1.000000
0.998774 0.046886 0.015867 -0.000000 -0.047377 0.998360 0.032149 7.463500 -0.014333 -0.032862 0.999357 -1.336300 0.000000 0.000000 0.000000 1.000000
0.998827 0.045894 0.015434 -0.000000 -0.046357 0.998441 0.031087 7.463500 -0.013984 -0.031766 0.999397 -1.336300 0.000000 0.000000 0.000000 1.000000
0.998856 0.045282 0.015352 0.000000 -0.045732 0.998494 0.030299 7.463500 -0.013956 -0.030966 0.999423 -1.336300 0.000000 0.000000 0.000000 1.000000
0.998901 0.044404 0.014994 0.000000 -0.044830 0.998561 0.029437 7.463500 -0.013665 -0.030077 0.999454 -1.336300 0.000000 0.000000 0.000000 1.000000
0.998957 0.043084 0.015096 0.000000 -0.043513 0.998621 0.029368 7.463500 -0.013810 -0.029994 0.999455 -1.336300 0.000000 0.000000 0.000000 1.000000
0.999015 0.041676 0.015261 -0.000000 -0.042100 0.998703 0.028637 7.463500 -0.014048 -0.029251 0.999473 -1.336300 0.000000 0.000000 0.000000 1.000000
0.999079 0.040004 0.015499 0.000000 -0.040431 0.998782 0.028289 7.463500 -0.014349 -0.028890 0.999480 -1.336300 0.000000 0.000000 0.000000 1.000000
0.999118 0.038889 0.015859 -0.000000 -0.039321 0.998836 0.027944 7.463500 -0.014754 -0.028543 0.999484 -1.336300 0.000000 0.000000 0.000000 1.000000
0.999167 0.037352 0.016421 0.000000 -0.037795 0.998904 0.027598 7.463500 -0.015372 -0.028195 0.999484 -1.336300 0.000000 0.000000 0.000000 1.000000
0.999187 0.036801 0.016446 -0.000000 -0.037238 0.998938 0.027118 7.463500 -0.015431 -0.027709 0.999497 -1.336300 0.000000 0.000000 0.000000 1.000000
0.999218 0.035869 0.016640 0.000000 -0.036308 0.998980 0.026851 7.463500 -0.015660 -0.027434 0.999501 -1.336300 0.000000 0.000000 0.000000 1.000000
0.999250 0.034878 0.016805 -0.000000 -0.035320 0.999018 0.026754 7.463500 -0.015855 -0.027327 0.999501 -1.336300 0.000000 0.000000 0.000000 1.000000
0.999275 0.034158 0.016820 0.000000 -0.034602 0.999041 0.026824 7.463500 -0.015888 -0.027386 0.999499 -1.336300 0.000000 0.000000 0.000000 1.000000
0.999307 0.033456 0.016333 -0.000000 -0.033893 0.999054 0.027238 7.463500 -0.015406 -0.027773 0.999496 -1.336300 0.000000 0.000000 0.000000 1.000000
0.999342 0.032686 0.015751 0.000000 -0.033106 0.999081 0.027206 7.463500 -0.014847 -0.027710 0.999506 -1.336300 0.000000 0.000000 0.000000 1.000000
0.999352 0.032155 0.016157 0.000000 -0.032586 0.999099 0.027179 7.463500 -0.015269 -0.027688 0.999500 -1.336300 0.000000 0.000000 0.000000 1.000000
0.999360 0.031911 0.016159 0.000000 -0.032346 0.999101 0.027403 7.463500 -0.015270 -0.027908 0.999494 -1.336300 0.000000 0.000000 0.000000 1.000000
0.999363 0.031824 0.016123 0.000000 -0.032261 0.999098 0.027620 7.463500 -0.015229 -0.028123 0.999488 -1.336300 0.000000 0.000000 0.000000 1.000000
0.999363 0.031763 0.016275 0.000000 -0.032207 0.999095 0.027778 7.463500 -0.015378 -0.028285 0.999482 -1.336300 0.000000 0.000000 0.000000 1.000000
0.999361 0.031724 0.016462 0.000000 -0.032176 0.999091 0.027957 7.463500 -0.015560 -0.028469 0.999474 -1.336300 0.000000 0.000000 0.000000 1.000000
0.999360 0.031691 0.016594 -0.000000 -0.032150 0.999086 0.028163 7.463500 -0.015686 -0.028679 0.999466 -1.336300 0.000000 0.000000 0.000000 1.000000
0.999358 0.031673 0.016747 0.000000 -0.032139 0.999082 0.028333 7.463500 -0.015834 -0.028853 0.999458 -1.336300 0.000000 0.000000 0.000000 1.000000
0.999358 0.031651 0.016807 0.000000 -0.032122 0.999076 0.028553 7.463500 -0.015888 -0.029074 0.999451 -1.336300 0.000000 0.000000 0.000000 1.000000
0.999357 0.031645 0.016873 0.000000 -0.032122 0.999069 0.028787 7.463500 -0.015946 -0.029310 0.999443 -1.336300 0.000000 0.000000 0.000000 1.000000
0.999355 0.031651 0.016946 0.000000 -0.032132 0.999065 0.028910 7.463500 -0.016016 -0.029436 0.999438 -1.336300 0.000000 0.000000 0.000000 1.000000
0.999353 0.031667 0.017082 0.000000 -0.032155 0.999060 0.029071 7.463500 -0.016145 -0.029601 0.999431 -1.336300 0.000000 0.000000 0.000000 1.000000
0.999348 0.031696 0.017276 0.000000 -0.032192 0.999054 0.029228 7.463500 -0.016333 -0.029765 0.999423 -1.336300 0.000000 0.000000 0.000000 1.000000
0.999345 0.031721 0.017401 -0.000000 -0.032222 0.999051 0.029297 7.463500 -0.016455 -0.029839 0.999419 -1.336300 0.000000 0.000000 0.000000 1.000000
0.999342 0.031759 0.017546 -0.000000 -0.032266 0.999046 0.029423 7.463500 -0.016594 -0.029969 0.999413 -1.336300 0.000000 0.000000 0.000000 1.000000
0.999337 0.031791 0.017726 0.000000 -0.032307 0.999040 0.029596 7.463500 -0.016768 -0.030149 0.999405 -1.336300 0.000000 0.000000 0.000000 1.000000
0.999335 0.031824 0.017805 0.000000 -0.032345 0.999034 0.029741 7.463500 -0.016842 -0.030297 0.999399 -1.336300 0.000000 0.000000 0.000000 1.000000
0.999333 0.031855 0.017866 0.000000 -0.032378 0.999032 0.029779 7.463500 -0.016900 -0.030338 0.999397 -1.336300 0.000000 0.000000 0.000000 1.000000
0.999331 0.031892 0.017921 -0.000000 -0.032417 0.999030 0.029810 7.463500 -0.016953 -0.030371 0.999395 -1.336300 0.000000 0.000000 0.000000 1.000000
0.999328 0.031941 0.017962 0.000000 -0.032468 0.999028 0.029831 7.463500 -0.016992 -0.030394 0.999394 -1.336300 0.000000 0.000000 0.000000 1.000000
0.999325 0.032015 0.018004 0.000000 -0.032543 0.999025 0.029844 7.463500 -0.017031 -0.030409 0.999392 -1.336300 0.000000 0.000000 0.000000 1.000000
0.999321 0.032116 0.018077 0.000000 -0.032646 0.999021 0.029851 7.463500 -0.017101 -0.030421 0.999391 -1.336300 0.000000 0.000000 0.000000 1.000000
0.999315 0.032212 0.018243 -0.000000 -0.032748 0.999018 0.029857 7.463500 -0.017264 -0.030434 0.999388 -1.336300 0.000000 0.000000 0.000000 1.000000
0.999309 0.032272 0.018426 -0.000000 -0.032813 0.999015 0.029869 7.463500 -0.017444 -0.030453 0.999384 -1.336300 0.000000 0.000000 0.000000 1.000000
0.999307 0.032305 0.018476 -0.000000 -0.032848 0.999013 0.029896 7.463500 -0.017492 -0.030483 0.999382 -1.336300 0.000000 0.000000 0.000000 1.000000
0.999305 0.032366 0.018515 0.000000 -0.032911 0.999010 0.029941 7.463500 -0.017528 -0.030530 0.999380 -1.336300 0.000000 0.000000 0.000000 1.000000
0.999296 0.032592 0.018566 -0.000000 -0.033144 0.998994 0.030209 7.463500 -0.017562 -0.030803 0.999371 -1.336300 0.000000 0.000000 0.000000 1.000000
0.999286 0.032866 0.018640 0.000000 -0.033420 0.998983 0.030275 7.463500 -0.017626 -0.030877 0.999368 -1.336300 0.000000 0.000000 0.000000 1.000000
0.999274 0.033211 0.018664 -0.000000 -0.033769 0.998968 0.030385 7.463500 -0.017636 -0.030993 0.999364 -1.336300 0.000000 0.000000 0.000000 1.000000
0.999257 0.033817 0.018492 0.000000 -0.034370 0.998945 0.030469 7.463500 -0.017442 -0.031082 0.999365 -1.336300 0.000000 0.000000 0.000000 1.000000
0.999238 0.034513 0.018229 0.000000 -0.035063 0.998911 0.030766 7.463500 -0.017147 -0.031382 0.999360 -1.336300 0.000000 0.000000 0.000000 1.000000
0.999224 0.035183 0.017725 -0.000000 -0.035721 0.998880 0.031016 7.463500 -0.016614 -0.031625 0.999362 -1.336300 0.000000 0.000000 0.000000 1.000000
0.999204 0.036198 0.016745 0.000000 -0.036712 0.998830 0.031478 7.463500 -0.015586 -0.032068 0.999364 -1.336300 0.000000 0.000000 0.000000 1.000000
0.999193 0.036859 0.015931 0.000000 -0.037352 0.998796 0.031811 7.463500 -0.014739 -0.032380 0.999367 -1.336300 0.000000 0.000000 0.000000 1.000000
0.999180 0.037637 0.014947 0.000000 -0.038101 0.998759 0.032074 7.463500 -0.013721 -0.032617 0.999374 -1.336300 0.000000 0.000000 0.000000 1.000000
0.999078 0.041685 0.010269 0.000000 -0.041988 0.998628 0.031303 7.463500 -0.008950 -0.031705 0.999457 -1.336300 0.000000 0.000000 0.000000 1.000000
0.999020 0.043077 0.010186 0.000000 -0.043376 0.998571 0.031217 7.463500 -0.008827 -0.031628 0.999461 -1.336300 0.000000 0.000000 0.000000 1.000000
0.999026 0.043134 0.009260 -0.000000 -0.043405 0.998564 0.031394 7.463500 -0.007893 -0.031766 0.999464 -1.336300 0.000000 0.000000 0.000000 1.000000
0.998994 0.044131 0.007980 0.000000 -0.044360 0.998528 0.031195 7.463500 -0.006592 -0.031518 0.999481 -1.336300 0.000000 0.000000 0.000000 1.000000
0.998989 0.044421 0.006898 0.000000 -0.044617 0.998507 0.031516 7.463500 -0.005487 -0.031792 0.999479 -1.336300 0.000000 0.000000 0.000000 1.000000
0.998994 0.044425 0.006173 0.000000 -0.044601 0.998494 0.031936 7.463500 -0.004745 -0.032179 0.999471 -1.336300 0.000000 0.000000 0.000000 1.000000
0.998963 0.045212 0.005298 -0.000000 -0.045357 0.998475 0.031476 7.463500 -0.003867 -0.031684 0.999490 -1.336300 0.000000 0.000000 0.000000 1.000000
0.998929 0.046034 0.004679 0.000000 -0.046160 0.998429 0.031771 7.463500 -0.003209 -0.031953 0.999484 -1.336300 0.000000 0.000000 0.000000 1.000000
0.998906 0.046583 0.004038 0.000000 -0.046688 0.998405 0.031758 7.463500 -0.002552 -0.031912 0.999487 -1.336300 0.000000 0.000000 0.000000 1.000000
0.998866 0.047463 0.003716 0.000000 -0.047557 0.998367 0.031642 7.463500 -0.002208 -0.031783 0.999492 -1.336300 0.000000 0.000000 0.000000 1.000000
0.998870 0.047439 0.002996 -0.000000 -0.047510 0.998383 0.031208 7.463500 -0.001511 -0.031316 0.999508 -1.336300 0.000000 0.000000 0.000000 1.000000
0.998852 0.047869 0.002025 0.000000 -0.047909 0.998349 0.031682 7.463500 -0.000505 -0.031742 0.999496 -1.336300 0.000000 0.000000 0.000000 1.000000
0.998733 0.050296 0.001500 0.000000 -0.050318 0.998219 0.032054 7.463500 0.000115 -0.032089 0.999485 -1.336300 0.000000 0.000000 0.000000 1.000000
0.998845 0.048038 0.000427 0.000000 -0.048028 0.998342 0.031716 7.463500 0.001097 -0.031700 0.999497 -1.336300 0.000000 0.000000 0.000000 1.000000
0.998757 0.049838 0.000735 0.000000 -0.049836 0.998265 0.031362 7.463500 0.000829 -0.031360 0.999508 -1.336300 0.000000 0.000000 0.000000 1.000000
0.998720 0.050586 0.000422 -0.000000 -0.050574 0.998221 0.031583 7.463500 0.001176 -0.031564 0.999501 -1.336300 0.000000 0.000000 0.000000 1.000000
0.998732 0.050342 0.000278 0.000000 -0.050325 0.998213 0.032209 7.463500 0.001344 -0.032183 0.999481 -1.336300 0.000000 0.000000 0.000000 1.000000
0.998753 0.049916 0.000250 0.000000 -0.049898 0.998223 0.032568 7.463500 0.001376 -0.032540 0.999469 -1.336300 0.000000 0.000000 0.000000 1.000000
0.998761 0.049762 -0.000226 0.000000 -0.049727 0.998205 0.033364 7.463500 0.001886 -0.033312 0.999443 -1.336300 0.000000 0.000000 0.000000 1.000000
0.998771 0.049566 0.000035 -0.000000 -0.049538 0.998194 0.033988 7.463500 0.001650 -0.033948 0.999422 -1.336300 0.000000 0.000000 0.000000 1.000000
0.998783 0.049330 0.000218 0.000000 -0.049308 0.998183 0.034632 7.463500 0.001491 -0.034600 0.999400 -1.336300 0.000000 0.000000 0.000000 1.000000
0.998798 0.049013 0.000390 0.000000 -0.048996 0.998177 0.035255 7.463500 0.001338 -0.035231 0.999378 -1.336300 0.000000 0.000000 0.000000 1.000000
0.998803 0.048915 0.000496 -0.000000 -0.048901 0.998165 0.035708 7.463500 0.001251 -0.035689 0.999362 -1.336300 0.000000 0.000000 0.000000 1.000000
0.998794 0.049089 0.000811 0.000000 -0.049086 0.998142 0.036091 7.463500 0.000963 -0.036087 0.999348 -1.336300 0.000000 0.000000 0.000000 1.000000
0.998817 0.048629 0.000533 0.000000 -0.048615 0.998142 0.036732 7.463500 0.001255 -0.036715 0.999325 -1.336300 0.000000 0.000000 0.000000 1.000000
0.998823 0.048503 0.000628 0.000000 -0.048493 0.998128 0.037274 7.463500 0.001181 -0.037260 0.999305 -1.336300 0.000000 0.000000 0.000000 1.000000
0.998828 0.048381 0.001006 0.000000 -0.048384 0.998121 0.037600 7.463500 0.000815 -0.037605 0.999292 -1.336300 0.000000 0.000000 0.000000 1.000000
0.998835 0.048246 0.001349 0.000000 -0.048262 0.998108 0.038096 7.463500 0.000492 -0.038116 0.999273 -1.336300 0.000000 0.000000 0.000000 1.000000
0.998840 0.048140 0.001456 0.000000 -0.048160 0.998096 0.038531 7.463500 0.000401 -0.038556 0.999256 -1.336300 0.000000 0.000000 0.000000 1.000000
0.998844 0.048036 0.001495 0.000000 -0.048058 0.998081 0.039037 7.463500 0.000384 -0.039064 0.999237 -1.336300 0.000000 0.000000 0.000000 1.000000
0.998850 0.047931 0.001470 0.000000 -0.047952 0.998081 0.039168 7.463500 0.000411 -0.039193 0.999232 -1.336300 0.000000 0.000000 0.000000 1.000000
0.998855 0.047821 0.001431 0.000000 -0.047840 0.998077 0.039422 7.463500 0.000457 -0.039445 0.999222 -1.336300 0.000000 0.000000 0.000000 1.000000
0.998860 0.047717 0.001400 -0.000000 -0.047735 0.998071 0.039696 7.463500 0.000497 -0.039718 0.999211 -1.336300 0.000000 0.000000 0.000000 1.000000
0.998864 0.047623 0.001351 0.000000 -0.047639 0.998068 0.039882 7.463500 0.000551 -0.039901 0.999203 -1.336300 0.000000 0.000000 0.000000 1.000000
0.998869 0.047520 0.001302 0.000000 -0.047534 0.998065 0.040093 7.463500 0.000606 -0.040110 0.999195 -1.336300 0.000000 0.000000 0.000000 1.000000
0.998874 0.047432 0.001245 0.000000 -0.047443 0.998059 0.040353 7.463500 0.000671 -0.040366 0.999185 -1.336300 0.000000 0.000000 0.000000 1.000000
