<?xml version="1.0" encoding="utf-8"?>
<COLLADA xmlns="http://www.collada.org/2005/11/COLLADASchema" version="1.4.1">
  <asset><contributor><author>Mixamo</author><authoring_tool>COLLADA Mixamo exporter</authoring_tool><comments></comments></contributor><created>2020-12-04T01:55:26Z</created><modified>2020-12-04T01:55:26Z</modified><revision></revision><title></title><unit meter="0.010000"/><up_axis>Y_UP</up_axis></asset>
  <library_animations>
    <animation id="mixamorig_Hips-anim" name="mixamorig_Hips"><source id="mixamorig_Hips-Matrix-animation-input"><float_array id="mixamorig_Hips-Matrix-animation-input-array" count="50">

0.000000 0.033333 0.066667 0.100000 0.133333 0.166667 0.200000 0.233333 0.266667 0.300000 0.333333 0.366667 0.400000 0.433333 0.466667 0.500000
0.533333 0.566667 0.600000 0.633333 0.666667 0.700000 0.733333 0.766667 0.800000 0.833333 0.866667 0.900000 0.933333 0.966667 1.000000 1.033333
1.066667 1.100000 1.133333 1.166667 1.200000 1.233333 1.266667 1.300000 1.333333 1.366667 1.400000 1.433333 1.466667 1.500000 1.533333 1.566667
1.600000 1.633333</float_array><technique_common><accessor source="#mixamorig_Hips-Matrix-animation-input-array" count="50"><param name="TIME" type="float"/></accessor></technique_common></source><source id="mixamorig_Hips-Matrix-animation-output-transform"><float_array id="mixamorig_Hips-Matrix-animation-output-transform-array" count="800">

0.998886 -0.030103 -0.036340 0.019332 0.035895 -0.015192 0.999240 109.391418 -0.030633 -0.999431 -0.014094 4.456908 0.000000 0.000000 0.000000 1.000000
0.998886 -0.030110 -0.036343 0.019803 0.035898 -0.015186 0.999240 109.392036 -0.030639 -0.999431 -0.014088 4.458880 0.000000 0.000000 0.000000 1.000000
0.998886 -0.030112 -0.036336 0.021541 0.035890 -0.015210 0.999240 109.393509 -0.030641 -0.999431 -0.014112 4.460178 0.000000 0.000000 0.000000 1.000000
0.998886 -0.030121 -0.036317 0.023807 0.035870 -0.015254 0.999240 109.395874 -0.030652 -0.999430 -0.014156 4.461684 0.000000 0.000000 0.000000 1.000000
0.998886 -0.030147 -0.036296 0.026531 0.035846 -0.015311 0.999240 109.399117 -0.030680 -0.999428 -0.014213 4.463959 0.000000 0.000000 0.000000 1.000000
0.998889 -0.030195 -0.036189 0.029823 0.035738 -0.015335 0.999244 109.402771 -0.030727 -0.999426 -0.014239 4.467385 0.000000 0.000000 0.000000 1.000000
0.998891 -0.030258 -0.036074 0.033075 0.035622 -0.015351 0.999247 109.407104 -0.030789 -0.999424 -0.014256 4.471906 0.000000 0.000000 0.000000 1.000000
0.998893 -0.030340 -0.035953 0.036134 0.035500 -0.015347 0.999252 109.412079 -0.030869 -0.999422 -0.014253 4.476910 0.000000 0.000000 0.000000 1.000000
0.998894 -0.030446 -0.035828 0.039495 0.035374 -0.015332 0.999257 109.417313 -0.030973 -0.999419 -0.014238 4.481994 0.000000 0.000000 0.000000 1.000000
0.998894 -0.030590 -0.035706 0.043410 0.035251 -0.015308 0.999261 109.422882 -0.031114 -0.999415 -0.014212 4.486394 0.000000 0.000000 0.000000 1.000000
0.998893 -0.030760 -0.035590 0.047810 0.035133 -0.015275 0.999266 109.428589 -0.031281 -0.999410 -0.014177 4.489505 0.000000 0.000000 0.000000 1.000000
0.998890 -0.030931 -0.035518 0.052338 0.035059 -0.015250 0.999269 109.434364 -0.031450 -0.999405 -0.014149 4.490973 0.000000 0.000000 0.000000 1.000000
0.998886 -0.031089 -0.035489 0.056475 0.035028 -0.015230 0.999270 109.439873 -0.031607 -0.999401 -0.014124 4.491138 0.000000 0.000000 0.000000 1.000000
0.998883 -0.031213 -0.035482 0.059831 0.035021 -0.015204 0.999271 109.445580 -0.031730 -0.999397 -0.014094 4.490273 0.000000 0.000000 0.000000 1.000000
0.998880 -0.031284 -0.035498 0.062159 0.035037 -0.015161 0.999271 109.451111 -0.031800 -0.999396 -0.014048 4.488650 0.000000 0.000000 0.000000 1.000000
0.998879 -0.031290 -0.035528 0.062946 0.035069 -0.015097 0.999271 109.456329 -0.031803 -0.999396 -0.013983 4.486364 0.000000 0.000000 0.000000 1.000000
0.998879 -0.031224 -0.035567 0.061668 0.035112 -0.015025 0.999270 109.461342 -0.031736 -0.999399 -0.013912 4.483729 0.000000 0.000000 0.000000 1.000000
0.998882 -0.031096 -0.035601 0.058818 0.035150 -0.014955 0.999270 109.465874 -0.031606 -0.999405 -0.013845 4.480871 0.000000 0.000000 0.000000 1.000000
0.998887 -0.030924 -0.035625 0.055207 0.035178 -0.014902 0.999270 109.469986 -0.031433 -0.999411 -0.013797 4.477974 0.000000 0.000000 0.000000 1.000000
0.998892 -0.030733 -0.035643 0.051400 0.035198 -0.014883 0.999270 109.473381 -0.031241 -0.999417 -0.013784 4.475193 0.000000 0.000000 0.000000 1.000000
0.998898 -0.030541 -0.035650 0.048118 0.035207 -0.014911 0.999269 109.476257 -0.031050 -0.999422 -0.013819 4.472162 0.000000 0.000000 0.000000 1.000000
0.998903 -0.030367 -0.035639 0.046212 0.035196 -0.014994 0.999268 109.478729 -0.030879 -0.999426 -0.013908 4.468240 0.000000 0.000000 0.000000 1.000000
0.998908 -0.030238 -0.035613 0.046094 0.035169 -0.015114 0.999267 109.481323 -0.030754 -0.999428 -0.014034 4.464107 0.000000 0.000000 0.000000 1.000000
0.998912 -0.030170 -0.035573 0.048599 0.035125 -0.015259 0.999266 109.482704 -0.030691 -0.999428 -0.014183 4.460524 0.000000 0.000000 0.000000 1.000000
0.998914 -0.030168 -0.035516 0.053437 0.035063 -0.015414 0.999266 109.483284 -0.030693 -0.999426 -0.014340 4.458528 0.000000 0.000000 0.000000 1.000000
0.998914 -0.030233 -0.035448 0.059615 0.034989 -0.015567 0.999266 109.483818 -0.030763 -0.999422 -0.014492 4.458511 0.000000 0.000000 0.000000 1.000000
0.998914 -0.030353 -0.035353 0.066612 0.034889 -0.015697 0.999268 109.483391 -0.030886 -0.999416 -0.014621 4.460497 0.000000 0.000000 0.000000 1.000000
0.998913 -0.030526 -0.035230 0.073602 0.034760 -0.015791 0.999271 109.482727 -0.031060 -0.999409 -0.014713 4.463688 0.000000 0.000000 0.000000 1.000000
0.998910 -0.030721 -0.035128 0.080162 0.034653 -0.015863 0.999273 109.481934 -0.031256 -0.999402 -0.014781 4.467764 0.000000 0.000000 0.000000 1.000000
0.998906 -0.030924 -0.035069 0.085430 0.034589 -0.015917 0.999275 109.480553 -0.031460 -0.999395 -0.014830 4.472205 0.000000 0.000000 0.000000 1.000000
0.998902 -0.031104 -0.035025 0.088945 0.034542 -0.015943 0.999276 109.478844 -0.031640 -0.999389 -0.014851 4.476526 0.000000 0.000000 0.000000 1.000000
0.998899 -0.031244 -0.035001 0.090041 0.034515 -0.015941 0.999277 109.476639 -0.031780 -0.999385 -0.014845 4.480267 0.000000 0.000000 0.000000 1.000000
0.998896 -0.031340 -0.034997 0.089452 0.034512 -0.015911 0.999278 109.473999 -0.031874 -0.999382 -0.014812 4.482916 0.000000 0.000000 0.000000 1.000000
0.998894 -0.031390 -0.035018 0.088040 0.034533 -0.015856 0.999278 109.470894 -0.031923 -0.999381 -0.014755 4.484064 0.000000 0.000000 0.000000 1.000000
0.998892 -0.031385 -0.035067 0.085831 0.034584 -0.015781 0.999277 109.467079 -0.031915 -0.999383 -0.014678 4.483748 0.000000 0.000000 0.000000 1.000000
0.998892 -0.031316 -0.035138 0.082921 0.034660 -0.015693 0.999276 109.462837 -0.031845 -0.999386 -0.014590 4.482474 0.000000 0.000000 0.000000 1.000000
0.998891 -0.031195 -0.035262 0.079403 0.034788 -0.015614 0.999273 109.458237 -0.031723 -0.999391 -0.014512 4.480322 0.000000 0.000000 0.000000 1.000000
0.998890 -0.031041 -0.035428 0.075395 0.034959 -0.015550 0.999268 109.453011 -0.031569 -0.999397 -0.014447 4.477661 0.000000 0.000000 0.000000 1.000000
0.998889 -0.030869 -0.035608 0.070886 0.035142 -0.015492 0.999262 109.447121 -0.031398 -0.999403 -0.014390 4.474713 0.000000 0.000000 0.000000 1.000000
0.998888 -0.030696 -0.035788 0.065896 0.035327 -0.015437 0.999257 109.440804 -0.031225 -0.999410 -0.014336 4.471764 0.000000 0.000000 0.000000 1.000000
0.998886 -0.030549 -0.035963 0.060481 0.035506 -0.015387 0.999251 109.434029 -0.031079 -0.999415 -0.014285 4.468952 0.000000 0.000000 0.000000 1.000000
0.998884 -0.030432 -0.036117 0.054974 0.035663 -0.015341 0.999246 109.427322 -0.030963 -0.999419 -0.014239 4.466487 0.000000 0.000000 0.000000 1.000000
0.998882 -0.030343 -0.036246 0.049265 0.035795 -0.015300 0.999242 109.420746 -0.030875 -0.999422 -0.014197 4.464653 0.000000 0.000000 0.000000 1.000000
0.998881 -0.030277 -0.036341 0.043691 0.035891 -0.015267 0.999239 109.414688 -0.030808 -0.999425 -0.014163 4.463089 0.000000 0.000000 0.000000 1.000000
0.998880 -0.030227 -0.036391 0.038048 0.035943 -0.015239 0.999238 109.408714 -0.030758 -0.999427 -0.014136 4.461740 0.000000 0.000000 0.000000 1.000000
0.998881 -0.030189 -0.036393 0.032729 0.035946 -0.015227 0.999238 109.403397 -0.030720 -0.999428 -0.014125 4.460434 0.000000 0.000000 0.000000 1.000000
0.998881 -0.030200 -0.036394 0.028103 0.035947 -0.015228 0.999238 109.399124 -0.030732 -0.999428 -0.014126 4.459260 0.000000 0.000000 0.000000 1.000000
0.998883 -0.030138 -0.036391 0.023571 0.035944 -0.015232 0.999238 109.395416 -0.030669 -0.999430 -0.014132 4.458427 0.000000 0.000000 0.000000 1.000000
0.998883 -0.030125 -0.036391 0.020922 0.035945 -0.015236 0.999238 109.392914 -0.030656 -0.999430 -0.014136 4.457638 0.000000 0.000000 0.000000 1.000000
0.998883 -0.030120 -0.036394 0.019243 0.035948 -0.015227 0.999238 109.391487 -0.030652 -0.999430 -0.014127 4.457912 0.000000 0.000000 0.000000 1.000000</float_array><technique_common><accessor source="#mixamorig_Hips-Matrix-animation-output-transform-array" count="50" stride="16"><param type="float4x4"/></accessor></technique_common></source><source id="mixamorig_Hips-Interpolations"><Name_array id="mixamorig_Hips-Interpolations-array" count="50">
 LINEAR LINEAR LINEAR LINEAR LINEAR LINEAR LINEAR LINEAR LINEAR LINEAR LINEAR
LINEAR LINEAR LINEAR LINEAR LINEAR LINEAR LINEAR LINEAR LINEAR LINEAR LINEAR LINEAR
LINEAR LINEAR LINEAR LINEAR LINEAR LINEAR LINEAR LINEAR LINEAR LINEAR LINEAR LINEAR
LINEAR LINEAR LINEAR LINEAR LINEAR LINEAR LINEAR LINEAR LINEAR LINEAR LINEAR LINEAR
LINEAR LINEAR LINEAR</Name_array><technique_common><accessor source="#mixamorig_Hips-Interpolations-array" count="50"><param type="name"/></accessor></technique_common></source><sampler id="mixamorig_Hips-Matrix-animation-transform"><input semantic="INPUT" source="#mixamorig_Hips-Matrix-animation-input"/><input semantic="OUTPUT" source="#mixamorig_Hips-Matrix-animation-output-transform"/><input semantic="INTERPOLATION" source="#mixamorig_Hips-Interpolations"/></sampler><channel source="#mixamorig_Hips-Matrix-animation-transform" target="mixamorig_Hips/matrix"/></animation>
    <animation id="mixamorig_Spine-anim" name="mixamorig_Spine"><source id="mixamorig_Spine-Matrix-animation-input"><float_array id="mixamorig_Spine-Matrix-animation-input-array" count="50">

0.000000 0.033333 0.066667 0.100000 0.133333 0.166667 0.200000 0.233333 0.266667 0.300000 0.333333 0.366667 0.400000 0.433333 0.466667 0.500000
0.533333 0.566667 0.600000 0.633333 0.666667 0.700000 0.733333 0.766667 0.800000 0.833333 0.866667 0.900000 0.933333 0.966667 1.000000 1.033333
1.066667 1.100000 1.133333 1.166667 1.200000 1.233333 1.266667 1.300000 1.333333 1.366667 1.400000 1.433333 1.466667 1.500000 1.533333 1.566667
1.600000 1.633333</float_array><technique_common><accessor source="#mixamorig_Spine-Matrix-animation-input-array" count="50"><param name="TIME" type="float"/></accessor></technique_common></source><source id="mixamorig_Spine-Matrix-animation-output-transform"><float_array id="mixamorig_Spine-Matrix-animation-output-transform-array" count="800">

0.999874 0.015874 0.000561 0.000000 -0.015750 0.986240 0.164569 7.463500 0.002059 -0.164557 0.986365 -1.336300 0.000000 0.000000 0.000000 1.000000
0.999874 0.015881 0.000563 0.000000 -0.015757 0.986240 0.164569 7.463500 0.002058 -0.164557 0.986365 -1.336300 0.000000 0.000000 0.000000 1.000000
0.999874 0.015882 0.000563 0.000000 -0.015758 0.986240 0.164569 7.463500 0.002058 -0.164557 0.986365 -1.336300 0.000000 0.000000 0.000000 1.000000
0.999874 0.015883 0.000563 0.000000 -0.015759 0.986240 0.164569 7.463500 0.002058 -0.164557 0.986365 -1.336300 0.000000 0.000000 0.000000 1.000000
0.999874 0.015894 0.000514 0.000000 -0.015762 0.986240 0.164569 7.463500 0.002109 -0.164556 0.986365 -1.336300 0.000000 0.000000 0.000000 1.000000
0.999873 0.015917 0.000409 0.000000 -0.015768 0.986240 0.164569 7.463500 0.002216 -0.164555 0.986365 -1.336300 0.000000 0.000000 0.000000 1.000000
0.999873 0.015940 0.000302 -0.000000 -0.015772 0.986230 0.164628 7.463500 0.002326 -0.164612 0.986356 -1.336300 0.000000 0.000000 0.000000 1.000000
0.999873 0.015964 0.000199 0.000000 -0.015779 0.986219 0.164691 7.463500 0.002433 -0.164673 0.986345 -1.336300 0.000000 0.000000 0.000000 1.000000
0.999872 0.015986 0.000101 0.000000 -0.015784 0.986211 0.164739 7.463500 0.002533 -0.164720 0.986337 -1.336300 0.000000 0.000000 0.000000 1.000000
0.999872 0.015998 0.000056 0.000000 -0.015788 0.986206 0.164770 7.463500 0.002581 -0.164750 0.986332 -1.336300 0.000000 0.000000 0.000000 1.000000
0.999872 0.016010 0.000021 0.000000 -0.015795 0.986201 0.164796 7.463500 0.002618 -0.164775 0.986328 -1.336300 0.000000 0.000000 0.000000 1.000000
0.999872 0.016027 -0.000004 0.000000 -0.015807 0.986197 0.164818 7.463500 0.002646 -0.164797 0.986324 -1.336300 0.000000 0.000000 0.000000 1.000000
0.999871 0.016061 -0.000017 0.000000 -0.015838 0.986194 0.164834 7.463500 0.002664 -0.164812 0.986321 -1.336300 0.000000 0.000000 0.000000 1.000000
0.999870 0.016099 -0.000021 0.000000 -0.015875 0.986191 0.164846 7.463500 0.002675 -0.164825 0.986319 -1.336300 0.000000 0.000000 0.000000 1.000000
0.999870 0.016134 -0.000020 0.000000 -0.015910 0.986189 0.164855 7.463500 0.002679 -0.164834 0.986318 -1.336300 0.000000 0.000000 0.000000 1.000000
0.999869 0.016159 -0.000015 -0.000000 -0.015935 0.986188 0.164861 7.463500 0.002678 -0.164839 0.986317 -1.336300 0.000000 0.000000 0.000000 1.000000
0.999869 0.016166 -0.000008 -0.000000 -0.015944 0.986188 0.164863 7.463500 0.002673 -0.164841 0.986316 -1.336300 0.000000 0.000000 0.000000 1.000000
0.999870 0.016151 -0.000002 0.000000 -0.015930 0.986188 0.164862 7.463500 0.002664 -0.164841 0.986317 -1.336300 0.000000 0.000000 0.000000 1.000000
0.999871 0.016084 -0.000003 0.000000 -0.015863 0.986190 0.164859 7.463500 0.002654 -0.164837 0.986317 -1.336300 0.000000 0.000000 0.000000 1.000000
0.999872 0.015974 -0.000009 -0.000000 -0.015754 0.986192 0.164853 7.463500 0.002642 -0.164832 0.986318 -1.336300 0.000000 0.000000 0.000000 1.000000
0.999874 0.015858 -0.000016 -0.000000 -0.015639 0.986196 0.164844 7.463500 0.002630 -0.164823 0.986320 -1.336300 0.000000 0.000000 0.000000 1.000000
0.999876 0.015742 -0.000024 0.000000 -0.015523 0.986204 0.164804 7.463500 0.002618 -0.164783 0.986326 -1.336300 0.000000 0.000000 0.000000 1.000000
0.999877 0.015690 -0.000013 -0.000000 -0.015473 0.986217 0.164733 7.463500 0.002598 -0.164712 0.986338 -1.336300 0.000000 0.000000 0.000000 1.000000
0.999878 0.015650 0.000009 -0.000000 -0.015438 0.986230 0.164656 7.463500 0.002568 -0.164636 0.986351 -1.336300 0.000000 0.000000 0.000000 1.000000
0.999878 0.015621 0.000034 0.000000 -0.015414 0.986244 0.164576 7.463500 0.002537 -0.164556 0.986364 -1.336300 0.000000 0.000000 0.000000 1.000000
0.999878 0.015608 0.000063 0.000000 -0.015406 0.986258 0.164495 7.463500 0.002506 -0.164476 0.986378 -1.336300 0.000000 0.000000 0.000000 1.000000
0.999878 0.015607 0.000093 0.000000 -0.015410 0.986271 0.164412 7.463500 0.002474 -0.164394 0.986392 -1.336300 0.000000 0.000000 0.000000 1.000000
0.999878 0.015618 0.000128 0.000000 -0.015427 0.986284 0.164332 7.463500 0.002441 -0.164314 0.986405 -1.336300 0.000000 0.000000 0.000000 1.000000
0.999878 0.015633 0.000167 0.000000 -0.015448 0.986298 0.164249 7.463500 0.002403 -0.164232 0.986419 -1.336300 0.000000 0.000000 0.000000 1.000000
0.999877 0.015658 0.000210 0.000000 -0.015480 0.986310 0.164174 7.463500 0.002363 -0.164157 0.986431 -1.336300 0.000000 0.000000 0.000000 1.000000
0.999877 0.015701 0.000259 -0.000000 -0.015530 0.986315 0.164136 7.463500 0.002322 -0.164120 0.986438 -1.336300 0.000000 0.000000 0.000000 1.000000
0.999876 0.015763 0.000314 0.000000 -0.015601 0.986319 0.164107 7.463500 0.002277 -0.164091 0.986443 -1.336300 0.000000 0.000000 0.000000 1.000000
0.999875 0.015823 0.000375 0.000000 -0.015670 0.986322 0.164084 7.463500 0.002226 -0.164069 0.986446 -1.336300 0.000000 0.000000 0.000000 1.000000
0.999875 0.015811 0.000430 -0.000000 -0.015668 0.986324 0.164069 7.463500 0.002170 -0.164055 0.986449 -1.336300 0.000000 0.000000 0.000000 1.000000
0.999875 0.015799 0.000485 0.000000 -0.015664 0.986326 0.164059 7.463500 0.002114 -0.164047 0.986450 -1.336300 0.000000 0.000000 0.000000 1.000000
0.999875 0.015792 0.000512 0.000000 -0.015662 0.986327 0.164054 7.463500 0.002086 -0.164041 0.986451 -1.336300 0.000000 0.000000 0.000000 1.000000
0.999875 0.015787 0.000511 0.000000 -0.015657 0.986327 0.164054 7.463500 0.002086 -0.164041 0.986451 -1.336300 0.000000 0.000000 0.000000 1.000000
0.999875 0.015784 0.000511 0.000000 -0.015654 0.986327 0.164056 7.463500 0.002086 -0.164043 0.986451 -1.336300 0.000000 0.000000 0.000000 1.000000
0.999875 0.015780 0.000510 0.000000 -0.015650 0.986326 0.164060 7.463500 0.002086 -0.164048 0.986450 -1.336300 0.000000 0.000000 0.000000 1.000000
0.999876 0.015771 0.000508 0.000000 -0.015640 0.986326 0.164064 7.463500 0.002086 -0.164052 0.986450 -1.336300 0.000000 0.000000 0.000000 1.000000
0.999876 0.015765 0.000507 0.000000 -0.015634 0.986325 0.164070 7.463500 0.002086 -0.164057 0.986449 -1.336300 0.000000 0.000000 0.000000 1.000000
0.999876 0.015759 0.000506 -0.000000 -0.015628 0.986324 0.164076 7.463500 0.002086 -0.164064 0.986448 -1.336300 0.000000 0.000000 0.000000 1.000000
0.999876 0.015754 0.000505 0.000000 -0.015624 0.986323 0.164080 7.463500 0.002086 -0.164067 0.986447 -1.336300 0.000000 0.000000 0.000000 1.000000
0.999876 0.015750 0.000505 0.000000 -0.015619 0.986323 0.164081 7.463500 0.002086 -0.164068 0.986447 -1.336300 0.000000 0.000000 0.000000 1.000000
0.999876 0.015748 0.000504 0.000000 -0.015617 0.986324 0.164079 7.463500 0.002086 -0.164066 0.986447 -1.336300 0.000000 0.000000 0.000000 1.000000
0.999876 0.015747 0.000504 0.000000 -0.015616 0.986324 0.164076 7.463500 0.002086 -0.164063 0.986448 -1.336300 0.000000 0.000000 0.000000 1.000000
0.999876 0.015745 0.000504 0.000000 -0.015615 0.986324 0.164076 7.463500 0.002086 -0.164064 0.986448 -1.336300 0.000000 0.000000 0.000000 1.000000
0.999876 0.015745 0.000504 0.000000 -0.015615 0.986324 0.164076 7.463500 0.002086 -0.164064 0.986448 -1.336300 0.000000 0.000000 0.000000 1.000000
0.999876 0.015746 0.000505 0.000000 -0.015616 0.986324 0.164076 7.463500 0.002086 -0.164064 0.986448 -1.336300 0.000000 0.000000 0.000000 1.000000
0.999876 0.015751 0.000506 0.000000 -0.015620 0.986324 0.164076 7.463500 0.002086 -0.164064 0.986447 -1.336300 0.000000 0.000000 0.000000 1.000000</float_array><technique_common><accessor source="#mixamorig_Spine-Matrix-animation-output-transform-array" count="50" stride="16"><param type="float4x4"/></accessor></technique_common></source><source id="mixamorig_Spine-Interpolations"><Name_array id="mixamorig_Spine-Interpolations-array" count="50">
 LINEAR LINEAR LINEAR LINEAR LINEAR LINEAR LINEAR LINEAR LINEAR LINEAR LINEAR
LINEAR LINEAR LINEAR LINEAR LINEAR LINEAR LINEAR LINEAR LINEAR LINEAR LINEAR LINEAR
LINEAR LINEAR LINEAR LINEAR LINEAR LINEAR LINEAR LINEAR LINEAR LINEAR LINEAR LINEAR
LINEAR LINEAR LINEAR LINEAR LINEAR LINEAR LINEAR LINEAR LINEAR LINEAR LINEAR LINEAR
LINEAR LINEAR LINEAR</Name_array><technique_common><accessor source="#mixamorig_Spine-Interpolations-array" count="50"><param type="name"/></accessor></technique_common></source><sampler id="mixamorig_Spine-Matrix-animation-transform"><input semantic="INPUT" source="#mixamorig_Spine-Matrix-animation-input"/><input semantic="OUTPUT" source="#mixamorig_Spine-Matrix-animation-output-transform"/><input semantic="INTERPOLATION" source="#mixamorig_Spine-Interpolations"/></sampler><channel source="#mixamorig_Spine-Matrix-animation-transform" target="mixamorig_Spine/matrix"/></animation>
    <animation id="mixamorig_Spine1-anim" name="mixamorig_Spine1"><source id="mixamorig_Spine1-Matrix-animation-input"><float_array id="mixamorig_Spine1-Matrix-animation-input-array" count="50">

0.000000 0.033333 0.066667 0.100000 0.133333 0.166667 0.200000 0.233333 0.266667 0.300000 0.333333 0.366667 0.400000 0.433333 0.466667 0.500000
0.533333 0.566667 0.600000 0.633333 0.666667 0.700000 0.733333 0.766667 0.800000 0.833333 0.866667 0.900000 0.933333 0.966667 1.000000 1.033333
1.066667 1.100000 1.133333 1.166667 1.200000 1.233333 1.266667 1.300000 1.333333 1.366667 1.400000 1.433333 1.466667 1.500000 1.533333 1.566667
1.600000 1.633333</float_array><technique_common><accessor source="#mixamorig_Spine1-Matrix-animation-input-array" count="50"><param name="TIME" type="float"/></accessor></technique_common></source><source id="mixamorig_Spine1-Matrix-animation-output-transform"><float_array id="mixamorig_Spine1-Matrix-animation-output-transform-array" count="800">

0.999965 0.007551 0.003723 0.000000 -0.007497 0.999871 -0.014214 8.845900 -0.003830 0.014186 0.999892 0.000000 0.000000 0.000000 0.000000 1.000000
0.999965 0.007551 0.003723 0.000000 -0.007497 0.999871 -0.014214 8.845900 -0.003830 0.014186 0.999892 0.000000 0.000000 0.000000 0.000000 1.000000
0.999965 0.007551 0.003723 0.000000 -0.007497 0.999871 -0.014214 8.845900 -0.003830 0.014185 0.999892 -0.000000 0.000000 0.000000 0.000000 1.000000
0.999965 0.007551 0.003723 0.000000 -0.007497 0.999871 -0.014214 8.845900 -0.003830 0.014186 0.999892 0.000000 0.000000 0.000000 0.000000 1.000000
0.999965 0.007580 0.003559 0.000000 -0.007529 0.999871 -0.014214 8.845900 -0.003666 0.014187 0.999893 0.000000 0.000000 0.000000 0.000000 1.000000
0.999965 0.007613 0.003377 0.000000 -0.007564 0.999870 -0.014214 8.845900 -0.003485 0.014188 0.999893 0.000000 0.000000 0.000000 0.000000 1.000000
0.999966 0.007646 0.003190 0.000000 -0.007600 0.999870 -0.014214 8.845900 -0.003298 0.014190 0.999894 0.000000 0.000000 0.000000 0.000000 1.000000
0.999966 0.007670 0.003008 0.000000 -0.007627 0.999870 -0.014215 8.845900 -0.003116 0.014191 0.999894 0.000000 0.000000 0.000000 0.000000 1.000000
0.999966 0.007685 0.002844 -0.000000 -0.007644 0.999870 -0.014214 8.845900 -0.002953 0.014192 0.999895 0.000000 0.000000 0.000000 0.000000 1.000000
0.999967 0.007697 0.002713 0.000000 -0.007657 0.999870 -0.014214 8.845900 -0.002822 0.014193 0.999895 0.000000 0.000000 0.000000 0.000000 1.000000
0.999967 0.007695 0.002665 0.000000 -0.007657 0.999871 -0.014137 8.845900 -0.002774 0.014116 0.999897 0.000000 0.000000 0.000000 0.000000 1.000000
0.999967 0.007687 0.002655 0.000000 -0.007650 0.999873 -0.013967 8.845900 -0.002762 0.013946 0.999899 0.000000 0.000000 0.000000 0.000000 1.000000
0.999967 0.007677 0.002660 0.000000 -0.007640 0.999876 -0.013783 8.845900 -0.002765 0.013762 0.999901 0.000000 0.000000 0.000000 0.000000 1.000000
0.999967 0.007660 0.002700 -0.000000 -0.007622 0.999879 -0.013590 8.845900 -0.002804 0.013569 0.999904 0.000000 0.000000 0.000000 0.000000 1.000000
0.999967 0.007635 0.002771 0.000000 -0.007597 0.999882 -0.013379 8.845900 -0.002873 0.013358 0.999907 0.000000 0.000000 0.000000 0.000000 1.000000
0.999967 0.007605 0.002855 0.000000 -0.007566 0.999885 -0.013151 8.845900 -0.002955 0.013129 0.999909 0.000000 0.000000 0.000000 0.000000 1.000000
0.999967 0.007566 0.002968 0.000000 -0.007527 0.999888 -0.012920 8.845900 -0.003066 0.012897 0.999912 0.000000 0.000000 0.000000 0.000000 1.000000
0.999967 0.007530 0.003039 0.000000 -0.007490 0.999891 -0.012701 8.845900 -0.003134 0.012678 0.999915 0.000000 0.000000 0.000000 0.000000 1.000000
0.999967 0.007495 0.003074 0.000000 -0.007456 0.999894 -0.012508 8.845900 -0.003168 0.012484 0.999917 0.000000 0.000000 0.000000 0.000000 1.000000
0.999968 0.007438 0.003090 0.000000 -0.007399 0.999896 -0.012354 8.845900 -0.003182 0.012331 0.999919 0.000000 0.000000 0.000000 0.000000 1.000000
0.999968 0.007374 0.003088 -0.000000 -0.007336 0.999897 -0.012305 8.845900 -0.003178 0.012282 0.999920 -0.000000 0.000000 0.000000 0.000000 1.000000
0.999969 0.007305 0.003066 0.000000 -0.007266 0.999898 -0.012292 8.845900 -0.003156 0.012270 0.999920 0.000000 0.000000 0.000000 0.000000 1.000000
0.999969 0.007212 0.003022 0.000000 -0.007174 0.999899 -0.012308 8.845900 -0.003110 0.012286 0.999920 0.000000 0.000000 0.000000 0.000000 1.000000
0.999970 0.007105 0.002956 0.000000 -0.007068 0.999899 -0.012342 8.845900 -0.003043 0.012320 0.999919 -0.000000 0.000000 0.000000 0.000000 1.000000
0.999972 0.006985 0.002836 0.000000 -0.006949 0.999899 -0.012407 8.845900 -0.002922 0.012387 0.999919 0.000000 0.000000 0.000000 0.000000 1.000000
0.999972 0.006925 0.002682 0.000000 -0.006890 0.999898 -0.012502 8.845900 -0.002769 0.012483 0.999918 0.000000 0.000000 0.000000 0.000000 1.000000
0.999973 0.006911 0.002536 -0.000000 -0.006879 0.999897 -0.012600 8.845900 -0.002623 0.012583 0.999917 0.000000 0.000000 0.000000 0.000000 1.000000
0.999973 0.006911 0.002448 0.000000 -0.006880 0.999896 -0.012683 8.845900 -0.002535 0.012666 0.999917 -0.000000 0.000000 0.000000 0.000000 1.000000
0.999973 0.006923 0.002417 0.000000 -0.006891 0.999895 -0.012731 8.845900 -0.002504 0.012714 0.999916 0.000000 0.000000 0.000000 0.000000 1.000000
0.999973 0.006948 0.002414 0.000000 -0.006917 0.999895 -0.012756 8.845900 -0.002502 0.012739 0.999916 0.000000 0.000000 0.000000 0.000000 1.000000
0.999973 0.006988 0.002425 0.000000 -0.006957 0.999894 -0.012768 8.845900 -0.002514 0.012751 0.999916 0.000000 0.000000 0.000000 0.000000 1.000000
0.999972 0.007059 0.002491 0.000000 -0.007026 0.999894 -0.012770 8.845900 -0.002580 0.012752 0.999915 0.000000 0.000000 0.000000 0.000000 1.000000
0.999972 0.007087 0.002603 0.000000 -0.007053 0.999894 -0.012765 8.845900 -0.002693 0.012747 0.999915 0.000000 0.000000 0.000000 0.000000 1.000000
0.999971 0.007085 0.002745 0.000000 -0.007049 0.999894 -0.012761 8.845900 -0.002835 0.012741 0.999915 0.000000 0.000000 0.000000 0.000000 1.000000
0.999971 0.007059 0.002918 0.000000 -0.007022 0.999894 -0.012758 8.845900 -0.003008 0.012737 0.999914 0.000000 0.000000 0.000000 0.000000 1.000000
0.999971 0.007018 0.003109 0.000000 -0.006978 0.999894 -0.012761 8.845900 -0.003198 0.012739 0.999914 0.000000 0.000000 0.000000 0.000000 1.000000
0.999970 0.006967 0.003314 -0.000000 -0.006924 0.999894 -0.012776 8.845900 -0.003402 0.012752 0.999913 0.000000 0.000000 0.000000 0.000000 1.000000
0.999970 0.006915 0.003517 0.000000 -0.006869 0.999894 -0.012805 8.845900 -0.003606 0.012780 0.999912 0.000000 0.000000 0.000000 0.000000 1.000000
0.999970 0.006867 0.003717 0.000000 -0.006819 0.999894 -0.012870 8.845900 -0.003805 0.012844 0.999910 0.000000 0.000000 0.000000 0.000000 1.000000
0.999969 0.006832 0.003907 0.000000 -0.006781 0.999893 -0.012974 8.845900 -0.003995 0.012947 0.999908 0.000000 0.000000 0.000000 0.000000 1.000000
0.999968 0.006815 0.004083 0.000000 -0.006761 0.999891 -0.013095 8.845900 -0.004172 0.013067 0.999906 0.000000 0.000000 0.000000 0.000000 1.000000
0.999968 0.006839 0.004144 0.000000 -0.006784 0.999889 -0.013233 8.845900 -0.004234 0.013204 0.999904 0.000000 0.000000 0.000000 0.000000 1.000000
0.999968 0.006898 0.004167 -0.000000 -0.006842 0.999887 -0.013381 8.845900 -0.004259 0.013352 0.999902 -0.000000 0.000000 0.000000 0.000000 1.000000
0.999966 0.007043 0.004175 0.000000 -0.006986 0.999884 -0.013537 8.845900 -0.004269 0.013507 0.999900 0.000000 0.000000 0.000000 0.000000 1.000000
0.999965 0.007194 0.004169 0.000000 -0.007136 0.999881 -0.013703 8.845900 -0.004267 0.013673 0.999897 0.000000 0.000000 0.000000 0.000000 1.000000
0.999964 0.007340 0.004162 0.000000 -0.007281 0.999877 -0.013895 8.845900 -0.004263 0.013865 0.999895 0.000000 0.000000 0.000000 0.000000 1.000000
0.999963 0.007466 0.004166 0.000000 -0.007407 0.999873 -0.014081 8.845900 -0.004271 0.014050 0.999892 -0.000000 0.000000 0.000000 0.000000 1.000000
0.999963 0.007523 0.004177 0.000000 -0.007463 0.999871 -0.014250 8.845900 -0.004283 0.014218 0.999890 0.000000 0.000000 0.000000 0.000000 1.000000
0.999963 0.007523 0.004177 0.000000 -0.007463 0.999869 -0.014381 8.845900 -0.004284 0.014350 0.999888 0.000000 0.000000 0.000000 0.000000 1.000000
0.999963 0.007523 0.004177 0.000000 -0.007463 0.999869 -0.014382 8.845900 -0.004284 0.014350 0.999888 0.000000 0.000000 0.000000 0.000000 1.000000</float_array><technique_common><accessor source="#mixamorig_Spine1-Matrix-animation-output-transform-array" count="50" stride="16"><param type="float4x4"/></accessor></technique_common></source><source id="mixamorig_Spine1-Interpolations"><Name_array id="mixamorig_Spine1-Interpolations-array" count="50">
 LINEAR LINEAR LINEAR LINEAR LINEAR LINEAR LINEAR LINEAR LINEAR LINEAR LINEAR
LINEAR LINEAR LINEAR LINEAR LINEAR LINEAR LINEAR LINEAR LINEAR LINEAR LINEAR LINEAR
LINEAR LINEAR LINEAR LINEAR LINEAR LINEAR LINEAR LINEAR LINEAR LINEAR LINEAR LINEAR
LINEAR LINEAR LINEAR LINEAR LINEAR LINEAR LINEAR LINEAR LINEAR LINEAR LINEAR LINEAR
LINEAR LINEAR LINEAR</Name_array><technique_common><accessor source="#mixamorig_Spine1-Interpolations-array" count="50"><param type="name"/></accessor></technique_common></source><sampler id="mixamorig_Spine1-Matrix-animation-transform"><input semantic="INPUT" source="#mixamorig_Spine1-Matrix-animation-input"/><input semantic="OUTPUT" source="#mixamorig_Spine1-Matrix-animation-output-transform"/><input semantic="INTERPOLATION" source="#mixamorig_Spine1-Interpolations"/></sampler><channel source="#mixamorig_Spine1-Matrix-animation-transform" target="mixamorig_Spine1/matrix"/></animation>
    <animation id="mixamorig_Spine2-anim" name="mixamorig_Spine2"><source id="mixamorig_Spine2-Matrix-animation-input"><float_array id="mixamorig_Spine2-Matrix-animation-input-array" count="50">

0.000000 0.033333 0.066667 0.100000 0.133333 0.166667 0.200000 0.233333 0.266667 0.300000 0.333333 0.366667 0.400000 0.433333 0.466667 0.500000
0.533333 0.566667 0.600000 0.633333 0.666667 0.700000 0.733333 0.766667 0.800000 0.833333 0.866667 0.900000 0.933333 0.966667 1.000000 1.033333
1.066667 1.100000 1.133333 1.166667 1.200000 1.233333 1.266667 1.300000 1.333333 1.366667 1.400000 1.433333 1.466667 1.500000 1.533333 1.566667
1.600000 1.633333</float_array><technique_common><accessor source="#mixamorig_Spine2-Matrix-animation-input-array" count="50"><param name="TIME" type="float"/></accessor></technique_common></source><source id="mixamorig_Spine2-Matrix-animation-output-transform"><float_array id="mixamorig_Spine2-Matrix-animation-output-transform-array" count="800">

0.999962 0.007869 0.003778 0.000000 -0.007814 0.999869 -0.014170 10.109600 -0.003889 0.014140 0.999892 0.000000 0.000000 0.000000 0.000000 1.000000
0.999962 0.007869 0.003778 -0.000000 -0.007814 0.999869 -0.014170 10.109600 -0.003889 0.014140 0.999892 0.000000 0.000000 0.000000 0.000000 1.000000
0.999962 0.007869 0.003778 0.000000 -0.007814 0.999869 -0.014170 10.109600 -0.003889 0.014140 0.999892 -0.000000 0.000000 0.000000 0.000000 1.000000
0.999962 0.007869 0.003778 0.000000 -0.007814 0.999869 -0.014170 10.109600 -0.003889 0.014140 0.999892 -0.000000 0.000000 0.000000 0.000000 1.000000
0.999962 0.007869 0.003778 0.000000 -0.007814 0.999869 -0.014170 10.109600 -0.003889 0.014140 0.999892 0.000000 0.000000 0.000000 0.000000 1.000000
0.999962 0.007859 0.003704 0.000000 -0.007806 0.999869 -0.014170 10.109600 -0.003815 0.014141 0.999893 0.000000 0.000000 0.000000 0.000000 1.000000
0.999963 0.007831 0.003505 0.000000 -0.007781 0.999869 -0.014170 10.109600 -0.003615 0.014142 0.999893 -0.000000 0.000000 0.000000 0.000000 1.000000
0.999964 0.007807 0.003275 -0.000000 -0.007760 0.999869 -0.014170 10.109600 -0.003385 0.014144 0.999894 0.000000 0.000000 0.000000 0.000000 1.000000
0.999965 0.007805 0.003048 -0.000000 -0.007761 0.999869 -0.014171 10.109600 -0.003158 0.014147 0.999895 0.000000 0.000000 0.000000 0.000000 1.000000
0.999965 0.007809 0.002869 -0.000000 -0.007767 0.999870 -0.014111 10.109600 -0.002979 0.014088 0.999896 0.000000 0.000000 0.000000 0.000000 1.000000
0.999966 0.007798 0.002813 -0.000000 -0.007758 0.999872 -0.013980 10.109600 -0.002922 0.013958 0.999898 -0.000000 0.000000 0.000000 0.000000 1.000000
0.999966 0.007787 0.002796 -0.000000 -0.007748 0.999874 -0.013834 10.109600 -0.002903 0.013812 0.999900 -0.000000 0.000000 0.000000 0.000000 1.000000
0.999966 0.007774 0.002809 -0.000000 -0.007735 0.999877 -0.013679 10.109600 -0.002915 0.013657 0.999902 0.000000 0.000000 0.000000 0.000000 1.000000
0.999966 0.007759 0.002843 0.000000 -0.007720 0.999879 -0.013515 10.109600 -0.002947 0.013493 0.999905 0.000000 0.000000 0.000000 0.000000 1.000000
0.999966 0.007741 0.002891 -0.000000 -0.007702 0.999881 -0.013336 10.109600 -0.002994 0.013313 0.999907 0.000000 0.000000 0.000000 0.000000 1.000000
0.999966 0.007715 0.002966 0.000000 -0.007676 0.999884 -0.013138 10.109600 -0.003067 0.013115 0.999909 0.000000 0.000000 0.000000 0.000000 1.000000
0.999966 0.007680 0.003068 0.000000 -0.007640 0.999887 -0.012935 10.109600 -0.003167 0.012911 0.999912 0.000000 0.000000 0.000000 0.000000 1.000000
0.999966 0.007635 0.003169 0.000000 -0.007595 0.999890 -0.012740 10.109600 -0.003266 0.012716 0.999914 0.000000 0.000000 0.000000 0.000000 1.000000
0.999966 0.007597 0.003232 0.000000 -0.007555 0.999892 -0.012566 10.109600 -0.003327 0.012541 0.999916 0.000000 0.000000 0.000000 0.000000 1.000000
0.999966 0.007559 0.003264 -0.000000 -0.007518 0.999894 -0.012459 10.109600 -0.003358 0.012434 0.999917 0.000000 0.000000 0.000000 0.000000 1.000000
0.999966 0.007516 0.003277 -0.000000 -0.007475 0.999895 -0.012425 10.109600 -0.003370 0.012400 0.999917 0.000000 0.000000 0.000000 0.000000 1.000000
0.999967 0.007466 0.003268 0.000000 -0.007425 0.999895 -0.012422 10.109600 -0.003361 0.012398 0.999917 0.000000 0.000000 0.000000 0.000000 1.000000
0.999968 0.007380 0.003234 0.000000 -0.007339 0.999896 -0.012440 10.109600 -0.003325 0.012416 0.999917 0.000000 0.000000 0.000000 0.000000 1.000000
0.999969 0.007283 0.003135 0.000000 -0.007243 0.999896 -0.012463 10.109600 -0.003225 0.012440 0.999917 0.000000 0.000000 0.000000 0.000000 1.000000
0.999970 0.007191 0.003015 0.000000 -0.007153 0.999896 -0.012537 10.109600 -0.003105 0.012515 0.999917 0.000000 0.000000 0.000000 0.000000 1.000000
0.999970 0.007136 0.002878 0.000000 -0.007099 0.999895 -0.012653 10.109600 -0.002968 0.012632 0.999916 0.000000 0.000000 0.000000 0.000000 1.000000
0.999971 0.007115 0.002747 0.000000 -0.007079 0.999894 -0.012728 10.109600 -0.002838 0.012708 0.999915 0.000000 0.000000 0.000000 0.000000 1.000000
0.999971 0.007104 0.002632 0.000000 -0.007070 0.999894 -0.012766 10.109600 -0.002723 0.012747 0.999915 -0.000000 0.000000 0.000000 0.000000 1.000000
0.999972 0.007094 0.002580 0.000000 -0.007060 0.999893 -0.012790 10.109600 -0.002670 0.012771 0.999915 -0.000000 0.000000 0.000000 0.000000 1.000000
0.999972 0.007089 0.002555 0.000000 -0.007056 0.999893 -0.012802 10.109600 -0.002646 0.012783 0.999915 0.000000 0.000000 0.000000 0.000000 1.000000
0.999972 0.007088 0.002561 0.000000 -0.007055 0.999893 -0.012805 10.109600 -0.002651 0.012787 0.999915 -0.000000 0.000000 0.000000 0.000000 1.000000
0.999971 0.007086 0.002620 0.000000 -0.007051 0.999893 -0.012802 10.109600 -0.002710 0.012783 0.999915 -0.000000 0.000000 0.000000 0.000000 1.000000
0.999971 0.007105 0.002739 0.000000 -0.007070 0.999893 -0.012795 10.109600 -0.002829 0.012775 0.999914 0.000000 0.000000 0.000000 0.000000 1.000000
0.999970 0.007125 0.002890 0.000000 -0.007087 0.999893 -0.012786 10.109600 -0.002981 0.012765 0.999914 -0.000000 0.000000 0.000000 0.000000 1.000000
0.999970 0.007138 0.003078 -0.000000 -0.007098 0.999893 -0.012779 10.109600 -0.003169 0.012757 0.999914 -0.000000 0.000000 0.000000 0.000000 1.000000
0.999969 0.007145 0.003288 -0.000000 -0.007102 0.999893 -0.012777 10.109600 -0.003378 0.012753 0.999913 0.000000 0.000000 0.000000 0.000000 1.000000
0.999968 0.007137 0.003510 -0.000000 -0.007092 0.999893 -0.012781 10.109600 -0.003600 0.012755 0.999912 0.000000 0.000000 0.000000 0.000000 1.000000
0.999968 0.007114 0.003743 0.000000 -0.007066 0.999893 -0.012794 10.109600 -0.003833 0.012767 0.999911 -0.000000 0.000000 0.000000 0.000000 1.000000
0.999967 0.007085 0.003965 0.000000 -0.007034 0.999893 -0.012819 10.109600 -0.004056 0.012790 0.999910 0.000000 0.000000 0.000000 0.000000 1.000000
0.999966 0.007060 0.004161 -0.000000 -0.007006 0.999892 -0.012897 10.109600 -0.004251 0.012868 0.999908 0.000000 0.000000 0.000000 0.000000 1.000000
0.999966 0.007045 0.004323 0.000000 -0.006988 0.999891 -0.013022 10.109600 -0.004414 0.012991 0.999906 0.000000 0.000000 0.000000 0.000000 1.000000
0.999965 0.007059 0.004381 0.000000 -0.007001 0.999889 -0.013156 10.109600 -0.004473 0.013125 0.999904 -0.000000 0.000000 0.000000 0.000000 1.000000
0.999965 0.007095 0.004407 -0.000000 -0.007036 0.999887 -0.013298 10.109600 -0.004501 0.013267 0.999902 0.000000 0.000000 0.000000 0.000000 1.000000
0.999965 0.007159 0.004408 -0.000000 -0.007099 0.999884 -0.013448 10.109600 -0.004504 0.013416 0.999900 0.000000 0.000000 0.000000 0.000000 1.000000
0.999964 0.007296 0.004398 0.000000 -0.007236 0.999881 -0.013606 10.109600 -0.004497 0.013574 0.999898 0.000000 0.000000 0.000000 0.000000 1.000000
0.999963 0.007448 0.004371 0.000000 -0.007387 0.999878 -0.013792 10.109600 -0.004474 0.013759 0.999895 0.000000 0.000000 0.000000 0.000000 1.000000
0.999962 0.007603 0.004281 0.000000 -0.007543 0.999874 -0.013972 10.109600 -0.004387 0.013939 0.999893 0.000000 0.000000 0.000000 0.000000 1.000000
0.999961 0.007734 0.004245 0.000000 -0.007673 0.999871 -0.014135 10.109600 -0.004353 0.014102 0.999891 0.000000 0.000000 0.000000 0.000000 1.000000
0.999961 0.007790 0.004255 0.000000 -0.007728 0.999868 -0.014263 10.109600 -0.004365 0.014230 0.999889 0.000000 0.000000 0.000000 0.000000 1.000000
0.999961 0.007790 0.004255 0.000000 -0.007728 0.999868 -0.014263 10.109600 -0.004365 0.014229 0.999889 0.000000 0.000000 0.000000 0.000000 1.000000</float_array><technique_common><accessor source="#mixamorig_Spine2-Matrix-animation-output-transform-array" count="50" stride="16"><param type="float4x4"/></accessor></technique_common></source><source id="mixamorig_Spine2-Interpolations"><Name_array id="mixamorig_Spine2-Interpolations-array" count="50">
 LINEAR LINEAR LINEAR LINEAR LINEAR LINEAR LINEAR LINEAR LINEAR LINEAR LINEAR
LINEAR LINEAR LINEAR LINEAR LINEAR LINEAR LINEAR LINEAR LINEAR LINEAR LINEAR LINEAR
LINEAR LINEAR LINEAR LINEAR LINEAR LINEAR LINEAR LINEAR LINEAR LINEAR LINEAR LINEAR
LINEAR LINEAR LINEAR LINEAR LINEAR LINEAR LINEAR LINEAR LINEAR LINEAR LINEAR LINEAR
LINEAR LINEAR LINEAR</Name_array><technique_common><accessor source="#mixamorig_Spine2-Interpolations-array" count="50"><param type="name"/></accessor></technique_common></source><sampler id="mixamorig_Spine2-Matrix-animation-transform"><input semantic="INPUT" source="#mixamorig_Spine2-Matrix-animation-input"/><input semantic="OUTPUT" source="#mixamorig_Spine2-Matrix-animation-output-transform"/><input semantic="INTERPOLATION" source="#mixamorig_Spine2-Interpolations"/></sampler><channel source="#mixamorig_Spine2-Matrix-animation-transform" target="mixamorig_Spine2/matrix"/></animation>
    <animation id="mixamorig_Neck-anim" name="mixamorig_Neck"><source id="mixamorig_Neck-Matrix-animation-input"><float_array id="mixamorig_Neck-Matrix-animation-input-array" count="50">

0.000000 0.033333 0.066667 0.100000 0.133333 0.166667 0.200000 0.233333 0.266667 0.300000 0.333333 0.366667 0.400000 0.433333 0.466667 0.500000
0.533333 0.566667 0.600000 0.633333 0.666667 0.700000 0.733333 0.766667 0.800000 0.833333 0.866667 0.900000 0.933333 0.966667 1.000000 1.033333
1.066667 1.100000 1.133333 1.166667 1.200000 1.233333 1.266667 1.300000 1.333333 1.366667 1.400000 1.433333 1.466667 1.500000 1.533333 1.566667
1.600000 1.633333</float_array><technique_common><accessor source="#mixamorig_Neck-Matrix-animation-input-array" count="50"><param name="TIME" type="float"/></accessor></technique_common></source><source id="mixamorig_Neck-Matrix-animation-output-transform"><float_array id="mixamorig_Neck-Matrix-animation-output-transform-array" count="800">

