<?xml version="1.0" encoding="utf-8"?>
<COLLADA xmlns="http://www.collada.org/2005/11/COLLADASchema" version="1.4.1">
  <asset><contributor><author>Mixamo</author><authoring_tool>COLLADA Mixamo exporter</authoring_tool><comments></comments></contributor><created>2020-12-04T01:59:06Z</created><modified>2020-12-04T01:59:06Z</modified><revision></revision><title></title><unit meter="0.010000"/><up_axis>Y_UP</up_axis></asset>
  <library_animations>
    <animation id="mixamorig_Hips-anim" name="mixamorig_Hips"><source id="mixamorig_Hips-Matrix-animation-input"><float_array id="mixamorig_Hips-Matrix-animation-input-array" count="136">

0.000000 0.033333 0.066667 0.100000 0.133333 0.166667 0.200000 0.233333 0.266667 0.300000 0.333333 0.366667 0.400000 0.433333 0.466667 0.500000
0.533333 0.566667 0.600000 0.633333 0.666667 0.700000 0.733333 0.766667 0.800000 0.833333 0.866667 0.900000 0.933333 0.966667 1.000000 1.033333
1.066667 1.100000 1.133333 1.166667 1.200000 1.233333 1.266667 1.300000 1.333333 1.366667 1.400000 1.433333 1.466667 1.500000 1.533333 1.566667
1.600000 1.633333 1.666667 1.700000 1.733333 1.766667 1.800000 1.833333 1.866667 1.900000 1.933333 1.966667 2.000000 2.033333 2.066667 2.100000
2.133333 2.166667 2.200000 2.233333 2.266667 2.300000 2.333333 2.366667 2.400000 2.433333 2.466667 2.500000 2.533333 2.566667 2.600000 2.633333
2.666667 2.700000 2.733333 2.766667 2.800000 2.833333 2.866667 2.900000 2.933333 2.966667 3.000000 3.033333 3.066667 3.100000 3.133333 3.166667
3.200000 3.233333 3.266667 3.300000 3.333333 3.366667 3.400000 3.433333 3.466667 3.500000 3.533333 3.566667 3.600000 3.633333 3.666667 3.700000
3.733333 3.766667 3.800000 3.833333 3.866667 3.900000 3.933333 3.966667 4.000000 4.033333 4.066667 4.100000 4.133333 4.166667 4.200000 4.233333
4.266667 4.300000 4.333333 4.366667 4.400000 4.433333 4.466667 4.500000</float_array><technique_common><accessor source="#mixamorig_Hips-Matrix-animation-input-array" count="136"><param name="TIME" type="float"/></accessor></technique_common></source><source id="mixamorig_Hips-Matrix-animation-output-transform"><float_array id="mixamorig_Hips-Matrix-animation-output-transform-array" count="2176">

0.993453 0.086178 -0.074994 -0.795050 -0.095398 0.264659 -0.959612 71.798538 -0.062849 0.960484 0.271148 7.279521 0.000000 0.000000 0.000000 1.000000
0.993313 0.081783 -0.081486 -0.798805 -0.100256 0.261061 -0.960102 71.877800 -0.057247 0.961852 0.267515 6.958479 0.000000 0.000000 0.000000 1.000000
0.993187 0.077295 -0.087212 -0.789080 -0.104356 0.256813 -0.960810 71.986092 -0.051869 0.963365 0.263130 6.626792 0.000000 0.000000 0.000000 1.000000
0.993025 0.072770 -0.092763 -0.776589 -0.108302 0.252062 -0.961632 72.108353 -0.046596 0.964971 0.258185 6.322245 0.000000 0.000000 0.000000 1.000000
0.992618 0.067843 -0.100535 -0.755701 -0.114282 0.245602 -0.962611 72.209160 -0.040615 0.966994 0.251543 6.004184 0.000000 0.000000 0.000000 1.000000
0.992033 0.062151 -0.109585 -0.709278 -0.121347 0.237604 -0.963753 72.306847 -0.033860 0.969372 0.243253 5.670981 0.000000 0.000000 0.000000 1.000000
0.991567 0.055201 -0.117250 -0.650993 -0.126910 0.230400 -0.964785 72.387131 -0.026242 0.971529 0.235463 5.360381 0.000000 0.000000 0.000000 1.000000
0.991284 0.047400 -0.122922 -0.593294 -0.130500 0.225342 -0.965500 72.414650 -0.018065 0.973126 0.229564 5.086850 0.000000 0.000000 0.000000 1.000000
0.991056 0.039915 -0.127341 -0.558820 -0.133040 0.220781 -0.966207 72.414795 -0.010452 0.974506 0.224116 4.787251 0.000000 0.000000 0.000000 1.000000
0.990937 0.032916 -0.130235 -0.547506 -0.134280 0.216369 -0.967033 72.409492 -0.003652 0.975757 0.218828 4.445908 0.000000 0.000000 0.000000 1.000000
0.990965 0.026846 -0.131403 -0.548872 -0.134103 0.212821 -0.967845 72.375359 0.001983 0.976722 0.214498 4.120757 0.000000 0.000000 0.000000 1.000000
0.990940 0.022264 -0.132448 -0.556019 -0.134166 0.209164 -0.968633 72.312881 0.006138 0.977627 0.210256 3.825687 0.000000 0.000000 0.000000 1.000000
0.990682 0.019194 -0.134838 -0.566152 -0.135901 0.204566 -0.969373 72.233765 0.008978 0.978665 0.205268 3.560763 0.000000 0.000000 0.000000 1.000000
0.990318 0.016521 -0.137831 -0.578541 -0.138362 0.197898 -0.970408 72.160141 0.011244 0.980083 0.198267 3.330997 0.000000 0.000000 0.000000 1.000000
0.989928 0.013092 -0.140967 -0.594160 -0.140869 0.190342 -0.971559 72.092331 0.014112 0.981631 0.190269 3.148208 0.000000 0.000000 0.000000 1.000000
0.989494 0.009306 -0.144273 -0.620100 -0.143526 0.183133 -0.972555 72.030319 0.017370 0.983044 0.182545 3.017174 0.000000 0.000000 0.000000 1.000000
0.989251 0.005611 -0.146119 -0.656155 -0.144836 0.175092 -0.973841 71.985870 0.020120 0.984536 0.174022 2.919203 0.000000 0.000000 0.000000 1.000000
0.989098 0.001878 -0.147250 -0.687946 -0.145511 0.166196 -0.975298 71.970718 0.022641 0.986091 0.164657 2.812709 0.000000 0.000000 0.000000 1.000000
0.988672 -0.001505 -0.150084 -0.707219 -0.147977 0.157479 -0.976372 71.972160 0.025105 0.987521 0.155472 2.706563 0.000000 0.000000 0.000000 1.000000
0.988011 -0.004967 -0.154304 -0.725637 -0.151847 0.149170 -0.977083 71.975952 0.027871 0.988799 0.146627 2.610148 0.000000 0.000000 0.000000 1.000000
0.987414 -0.008503 -0.157930 -0.756956 -0.155155 0.141617 -0.977687 71.973152 0.030679 0.989885 0.138515 2.524464 0.000000 0.000000 0.000000 1.000000
0.986889 -0.011477 -0.160995 -0.797644 -0.157994 0.135245 -0.978134 71.949303 0.032999 0.990746 0.131658 2.465184 0.000000 0.000000 0.000000 1.000000
0.986469 -0.015430 -0.163222 -0.821546 -0.159861 0.130422 -0.978486 71.908562 0.036386 0.991339 0.126190 2.404952 0.000000 0.000000 0.000000 1.000000
0.986089 -0.021457 -0.164830 -0.808714 -0.160867 0.126456 -0.978841 71.855721 0.041847 0.991740 0.121245 2.493783 0.000000 0.000000 0.000000 1.000000
0.985649 -0.026243 -0.166757 -0.789414 -0.162364 0.122974 -0.979038 71.804726 0.046200 0.992063 0.116948 2.731074 0.000000 0.000000 0.000000 1.000000
0.985372 -0.029596 -0.167827 -0.770372 -0.163150 0.120666 -0.979194 71.773094 0.049231 0.992252 0.114073 2.982678 0.000000 0.000000 0.000000 1.000000
0.985274 -0.032877 -0.167795 -0.739346 -0.162843 0.118805 -0.979473 71.759384 0.052137 0.992373 0.111701 3.281595 0.000000 0.000000 0.000000 1.000000
0.985205 -0.035573 -0.167649 -0.701757 -0.162484 0.117217 -0.979724 71.752144 0.054503 0.992469 0.109703 3.624373 0.000000 0.000000 0.000000 1.000000
0.985299 -0.037559 -0.166660 -0.664973 -0.161319 0.116584 -0.979992 71.738777 0.056238 0.992470 0.108811 3.998212 0.000000 0.000000 0.000000 1.000000
0.985934 -0.038186 -0.162714 -0.638108 -0.157344 0.116249 -0.980678 71.731430 0.056363 0.992486 0.108605 4.395340 0.000000 0.000000 0.000000 1.000000
0.987021 -0.037265 -0.156205 -0.629860 -0.151012 0.115508 -0.981760 71.745369 0.054628 0.992607 0.108381 4.811642 0.000000 0.000000 0.000000 1.000000
0.988016 -0.035860 -0.150127 -0.627056 -0.145195 0.114079 -0.982804 71.788101 0.052369 0.992824 0.107506 5.257690 0.000000 0.000000 0.000000 1.000000
0.988707 -0.034171 -0.145915 -0.626457 -0.141257 0.112699 -0.983537 71.859711 0.050052 0.993041 0.106599 5.763125 0.000000 0.000000 0.000000 1.000000
0.989075 -0.032916 -0.143690 -0.611974 -0.139272 0.110765 -0.984040 71.905441 0.048307 0.993301 0.104971 6.266682 0.000000 0.000000 0.000000 1.000000
0.989318 -0.031177 -0.142401 -0.591652 -0.138287 0.108334 -0.984449 71.924339 0.046119 0.993626 0.102866 6.771433 0.000000 0.000000 0.000000 1.000000
0.989406 -0.029330 -0.142179 -0.561420 -0.138357 0.106060 -0.984687 71.914825 0.043960 0.993927 0.100878 7.286143 0.000000 0.000000 0.000000 1.000000
0.989168 -0.027965 -0.144100 -0.513648 -0.140501 0.103858 -0.984618 71.888008 0.042501 0.994199 0.098804 7.801702 0.000000 0.000000 0.000000 1.000000
0.988741 -0.027258 -0.147135 -0.446208 -0.143702 0.101255 -0.984427 71.860985 0.041731 0.994487 0.096198 8.309141 0.000000 0.000000 0.000000 1.000000
0.988321 -0.027250 -0.149928 -0.367542 -0.146599 0.098484 -0.984281 71.832108 0.041587 0.994765 0.093339 8.806316 0.000000 0.000000 0.000000 1.000000
0.987906 -0.026810 -0.152716 -0.285076 -0.149469 0.097265 -0.983971 71.780716 0.041235 0.994897 0.092082 9.282588 0.000000 0.000000 0.000000 1.000000
0.987509 -0.026067 -0.155394 -0.187247 -0.152172 0.098053 -0.983478 71.708298 0.040873 0.994840 0.092861 9.727644 0.000000 0.000000 0.000000 1.000000
0.987141 -0.025793 -0.157760 -0.064709 -0.154464 0.100199 -0.982904 71.645676 0.041159 0.994633 0.094926 10.133596 0.000000 0.000000 0.000000 1.000000
0.987143 -0.024561 -0.157944 0.060422 -0.154653 0.102975 -0.982588 71.602043 0.040398 0.994381 0.097853 10.490456 0.000000 0.000000 0.000000 1.000000
0.987520 -0.022239 -0.155914 0.176399 -0.152742 0.106059 -0.982559 71.550400 0.038387 0.994111 0.101339 10.786264 0.000000 0.000000 0.000000 1.000000
0.987895 -0.019690 -0.153866 0.290239 -0.150835 0.109631 -0.982461 71.477119 0.036213 0.993777 0.105334 11.017614 0.000000 0.000000 0.000000 1.000000
0.988233 -0.016731 -0.152038 0.395817 -0.149183 0.113967 -0.982220 71.406853 0.033761 0.993344 0.110130 11.186129 0.000000 0.000000 0.000000 1.000000
0.988720 -0.012929 -0.149214 0.481097 -0.146680 0.117827 -0.982141 71.358147 0.030280 0.992950 0.114602 11.294268 0.000000 0.000000 0.000000 1.000000
0.989181 -0.009035 -0.146425 0.548195 -0.144254 0.121728 -0.982025 71.302200 0.026696 0.992522 0.119108 11.357130 0.000000 0.000000 0.000000 1.000000
0.989462 -0.005700 -0.144683 0.600848 -0.142794 0.127144 -0.981552 71.227257 0.023991 0.991868 0.124991 11.393988 0.000000 0.000000 0.000000 1.000000
0.989701 -0.002623 -0.143127 0.634362 -0.141486 0.134085 -0.980817 71.159157 0.021764 0.990966 0.132333 11.408390 0.000000 0.000000 0.000000 1.000000
0.989990 0.000567 -0.141136 0.649821 -0.139783 0.142150 -0.979926 71.106087 0.019507 0.989845 0.140807 11.406153 0.000000 0.000000 0.000000 1.000000
0.990306 0.002956 -0.138870 0.654903 -0.137716 0.151252 -0.978855 71.062256 0.018111 0.988491 0.150193 11.387779 0.000000 0.000000 0.000000 1.000000
0.990667 0.004163 -0.136241 0.650107 -0.135128 0.161071 -0.977649 71.020721 0.017875 0.986934 0.160130 11.352879 0.000000 0.000000 0.000000 1.000000
0.991075 0.006272 -0.133159 0.617852 -0.132245 0.172049 -0.976171 70.966057 0.016787 0.985068 0.171343 11.303979 0.000000 0.000000 0.000000 1.000000
0.991405 0.008652 -0.130542 0.555656 -0.129895 0.184092 -0.974288 70.891342 0.015602 0.982871 0.183633 11.238951 0.000000 0.000000 0.000000 1.000000
0.991887 0.010642 -0.126680 0.474557 -0.126274 0.197659 -0.972104 70.807487 0.014694 0.980213 0.197399 11.165133 0.000000 0.000000 0.000000 1.000000
0.992567 0.013011 -0.121000 0.376684 -0.120999 0.211818 -0.969790 70.724739 0.013012 0.977223 0.211817 11.090667 0.000000 0.000000 0.000000 1.000000
0.993111 0.015176 -0.116188 0.275559 -0.116607 0.225510 -0.967237 70.652214 0.011523 0.974123 0.225726 11.016663 0.000000 0.000000 0.000000 1.000000
0.993506 0.016767 -0.112541 0.192741 -0.113282 0.238526 -0.964506 70.595520 0.010672 0.970991 0.238877 10.955292 0.000000 0.000000 0.000000 1.000000
0.993889 0.018750 -0.108782 0.136100 -0.110006 0.249936 -0.961993 70.547035 0.009151 0.968081 0.250472 10.909236 0.000000 0.000000 0.000000 1.000000
0.994088 0.021032 -0.106525 0.093966 -0.108325 0.259386 -0.959679 70.485214 0.007447 0.965545 0.260131 10.866108 0.000000 0.000000 0.000000 1.000000
0.994158 0.022043 -0.105664 0.068368 -0.107710 0.266233 -0.957872 70.424255 0.007016 0.963657 0.267052 10.816687 0.000000 0.000000 0.000000 1.000000
0.994201 0.022320 -0.105193 0.062129 -0.107308 0.269346 -0.957046 70.422394 0.006972 0.962785 0.270179 10.760002 0.000000 0.000000 0.000000 1.000000
0.994193 0.022525 -0.105229 0.065040 -0.107404 0.268535 -0.957264 70.494637 0.006695 0.963007 0.269394 10.711807 0.000000 0.000000 0.000000 1.000000
0.994082 0.021855 -0.106412 0.073277 -0.108395 0.264380 -0.958308 70.606636 0.007189 0.964171 0.265185 10.694331 0.000000 0.000000 0.000000 1.000000
0.993729 0.021266 -0.109771 0.077405 -0.111536 0.257509 -0.959817 70.706474 0.007855 0.966042 0.258266 10.434324 0.000000 0.000000 0.000000 1.000000
0.993371 0.020908 -0.113039 0.077323 -0.114660 0.250755 -0.961236 70.804306 0.008248 0.967825 0.251490 10.065660 0.000000 0.000000 0.000000 1.000000
0.993190 0.019948 -0.114782 0.070075 -0.116163 0.244810 -0.962587 70.944466 0.008898 0.969366 0.245460 9.722153 0.000000 0.000000 0.000000 1.000000
0.993018 0.018717 -0.116471 0.051833 -0.117552 0.239567 -0.963737 71.112907 0.009865 0.970700 0.240094 9.368217 0.000000 0.000000 0.000000 1.000000
0.992545 0.016992 -0.120686 0.029644 -0.121290 0.234738 -0.964462 71.281860 0.011942 0.971910 0.235049 9.012398 0.000000 0.000000 0.000000 1.000000
0.991938 0.013884 -0.125964 0.008740 -0.125744 0.231351 -0.964710 71.399567 0.015748 0.972771 0.231232 8.662664 0.000000 0.000000 0.000000 1.000000
0.991317 0.010861 -0.131041 -0.018368 -0.130028 0.229176 -0.964661 71.457031 0.019554 0.973324 0.228598 8.321262 0.000000 0.000000 0.000000 1.000000
0.990762 0.009164 -0.135299 -0.050358 -0.133819 0.227644 -0.964505 71.501160 0.021962 0.973701 0.226768 7.988033 0.000000 0.000000 0.000000 1.000000
0.990350 0.008336 -0.138337 -0.087251 -0.136596 0.227362 -0.964183 71.539665 0.023415 0.973775 0.226306 7.662644 0.000000 0.000000 0.000000 1.000000
0.989917 0.008114 -0.141414 -0.139222 -0.139540 0.227430 -0.963745 71.558823 0.024342 0.973761 0.226269 7.340343 0.000000 0.000000 0.000000 1.000000
0.989366 0.008966 -0.145170 -0.214811 -0.143384 0.227619 -0.963136 71.561195 0.024408 0.973709 0.226484 7.019131 0.000000 0.000000 0.000000 1.000000
0.988933 0.009826 -0.148038 -0.301105 -0.146405 0.226253 -0.963003 71.574913 0.024032 0.974019 0.225188 6.688117 0.000000 0.000000 0.000000 1.000000
0.988627 0.010629 -0.150014 -0.396818 -0.148582 0.223241 -0.963373 71.619904 0.023249 0.974705 0.222281 6.341929 0.000000 0.000000 0.000000 1.000000
0.988401 0.011070 -0.151463 -0.493265 -0.150236 0.217041 -0.964532 71.699814 0.022197 0.976100 0.216187 5.979156 0.000000 0.000000 0.000000 1.000000
0.988273 0.010315 -0.152346 -0.568840 -0.151134 0.208346 -0.966308 71.757751 0.021773 0.978001 0.207462 5.604718 0.000000 0.000000 0.000000 1.000000
0.988034 0.009896 -0.153917 -0.627708 -0.152733 0.201708 -0.967464 71.749130 0.021473 0.979396 0.200806 5.234673 0.000000 0.000000 0.000000 1.000000
0.987784 0.011025 -0.155437 -0.695556 -0.154536 0.197505 -0.968045 71.727310 0.020027 0.980240 0.196797 4.866767 0.000000 0.000000 0.000000 1.000000
0.987657 0.013036 -0.156086 -0.788128 -0.155617 0.194830 -0.968414 71.733292 0.017786 0.980750 0.194454 4.500897 0.000000 0.000000 0.000000 1.000000
0.987698 0.014993 -0.155651 -0.915915 -0.155592 0.193547 -0.968675 71.760544 0.015602 0.980976 0.193499 4.143866 0.000000 0.000000 0.000000 1.000000
0.987727 0.016293 -0.155340 -1.072604 -0.155540 0.193447 -0.968703 71.779358 0.014267 0.980975 0.193607 3.804880 0.000000 0.000000 0.000000 1.000000
0.987667 0.015851 -0.155762 -1.220722 -0.155858 0.194092 -0.968523 71.780502 0.014880 0.980855 0.194169 3.496425 0.000000 0.000000 0.000000 1.000000
0.987661 0.014476 -0.155935 -1.350652 -0.155749 0.194797 -0.968399 71.797150 0.016357 0.980737 0.194649 3.220927 0.000000 0.000000 0.000000 1.000000
0.987745 0.012287 -0.155594 -1.460299 -0.154981 0.195235 -0.968434 71.834755 0.018479 0.980680 0.194746 2.972115 0.000000 0.000000 0.000000 1.000000
0.988002 0.010014 -0.154119 -1.542970 -0.153092 0.195213 -0.968739 71.879944 0.020385 0.980710 0.194404 2.751741 0.000000 0.000000 0.000000 1.000000
0.988530 0.008629 -0.150781 -1.610425 -0.149567 0.194448 -0.969443 71.941788 0.020953 0.980875 0.193508 2.565361 0.000000 0.000000 0.000000 1.000000
0.989125 0.008103 -0.146855 -1.658121 -0.145655 0.192557 -0.970416 72.032547 0.020414 0.981252 0.191643 2.393439 0.000000 0.000000 0.000000 1.000000
0.989598 0.008069 -0.143637 -1.685627 -0.142549 0.189674 -0.971444 72.131401 0.019405 0.981814 0.188851 2.305449 0.000000 0.000000 0.000000 1.000000
0.989945 0.008681 -0.141183 -1.692982 -0.140342 0.184943 -0.972677 72.222466 0.017667 0.982711 0.184302 2.490624 0.000000 0.000000 0.000000 1.000000
0.990276 0.009729 -0.138778 -1.678189 -0.138246 0.180370 -0.973835 72.305519 0.015557 0.983551 0.179961 2.725711 0.000000 0.000000 0.000000 1.000000
0.990468 0.011004 -0.137304 -1.636977 -0.137093 0.175617 -0.974866 72.401115 0.013386 0.984397 0.175452 2.981473 0.000000 0.000000 0.000000 1.000000
0.990575 0.012693 -0.136379 -1.568103 -0.136536 0.170583 -0.975838 72.500092 0.010878 0.985262 0.170708 3.260428 0.000000 0.000000 0.000000 1.000000
0.990727 0.014879 -0.135052 -1.477386 -0.135640 0.166052 -0.976744 72.581116 0.007893 0.986005 0.166531 3.559325 0.000000 0.000000 0.000000 1.000000
0.990768 0.017571 -0.134422 -1.374853 -0.135488 0.161950 -0.977453 72.662682 0.004595 0.986642 0.162836 3.894030 0.000000 0.000000 0.000000 1.000000
0.990530 0.020517 -0.135751 -1.265231 -0.137286 0.158195 -0.977818 72.748337 0.001413 0.987195 0.159513 4.252522 0.000000 0.000000 0.000000 1.000000
0.990110 0.024066 -0.138214 -1.151069 -0.140281 0.156463 -0.977671 72.794312 -0.001903 0.987391 0.158292 4.619995 0.000000 0.000000 0.000000 1.000000
0.989755 0.027898 -0.140027 -1.032021 -0.142681 0.156924 -0.977250 72.792549 -0.005290 0.987217 0.159297 5.006877 0.000000 0.000000 0.000000 1.000000
0.989652 0.031747 -0.139932 -0.909610 -0.143205 0.157274 -0.977117 72.796188 -0.009013 0.987045 0.160193 5.417170 0.000000 0.000000 0.000000 1.000000
0.989695 0.036792 -0.138387 -0.783669 -0.142470 0.155889 -0.977446 72.823853 -0.014389 0.987089 0.159524 5.849197 0.000000 0.000000 0.000000 1.000000
0.989815 0.041152 -0.136283 -0.645069 -0.141072 0.155032 -0.977785 72.799438 -0.019110 0.987052 0.159258 6.294702 0.000000 0.000000 0.000000 1.000000
0.990028 0.043805 -0.133890 -0.495177 -0.139159 0.156284 -0.977860 72.666107 -0.021910 0.986740 0.160822 6.742429 0.000000 0.000000 0.000000 1.000000
0.990325 0.046981 -0.130573 -0.359541 -0.136440 0.158042 -0.977960 72.501740 -0.025310 0.986314 0.162923 7.179755 0.000000 0.000000 0.000000 1.000000
0.990825 0.050876 -0.125210 -0.246490 -0.131852 0.160442 -0.978199 72.372124 -0.029678 0.985733 0.165678 7.593722 0.000000 0.000000 0.000000 1.000000
0.991297 0.054206 -0.119963 -0.134455 -0.127337 0.163734 -0.978252 72.246490 -0.033385 0.985014 0.169211 7.975063 0.000000 0.000000 0.000000 1.000000
0.991555 0.057503 -0.116242 -0.021943 -0.124391 0.168163 -0.977879 72.101929 -0.036684 0.984081 0.173895 8.321447 0.000000 0.000000 0.000000 1.000000
0.991791 0.060310 -0.112751 0.090901 -0.121614 0.172547 -0.977465 71.957520 -0.039496 0.983153 0.178466 8.631077 0.000000 0.000000 0.000000 1.000000
0.991980 0.062589 -0.109811 0.202269 -0.119287 0.176328 -0.977077 71.820312 -0.041791 0.982340 0.182380 8.897280 0.000000 0.000000 0.000000 1.000000
0.992089 0.064704 -0.107575 0.307117 -0.117605 0.179316 -0.976737 71.685059 -0.043909 0.981661 0.185507 9.114323 0.000000 0.000000 0.000000 1.000000
0.992150 0.067024 -0.105571 0.397554 -0.116195 0.182069 -0.976396 71.550560 -0.046221 0.980999 0.188427 9.285986 0.000000 0.000000 0.000000 1.000000
0.992270 0.069762 -0.102636 0.471607 -0.113905 0.183690 -0.976362 71.432404 -0.049260 0.980506 0.190216 9.410163 0.000000 0.000000 0.000000 1.000000
0.992390 0.072030 -0.099869 0.534683 -0.111674 0.184794 -0.976412 71.337502 -0.051876 0.980134 0.191432 9.481110 0.000000 0.000000 0.000000 1.000000
0.992426 0.074282 -0.097840 0.575606 -0.110259 0.187485 -0.976060 71.257240 -0.054160 0.979455 0.194255 9.507131 0.000000 0.000000 0.000000 1.000000
0.992473 0.076626 -0.095533 0.590290 -0.108671 0.191336 -0.975490 71.193245 -0.056469 0.978529 0.198222 9.501836 0.000000 0.000000 0.000000 1.000000
0.992618 0.078057 -0.092825 0.591684 -0.106579 0.196123 -0.974770 71.157928 -0.057883 0.977468 0.202995 9.479427 0.000000 0.000000 0.000000 1.000000
0.992854 0.078480 -0.089899 0.582453 -0.104130 0.201774 -0.973881 71.144836 -0.058291 0.976283 0.208504 9.443317 0.000000 0.000000 0.000000 1.000000
0.993138 0.078641 -0.086554 0.556003 -0.101230 0.207529 -0.972977 71.141319 -0.058553 0.975063 0.214066 9.377718 0.000000 0.000000 0.000000 1.000000
0.993412 0.080085 -0.081972 0.505303 -0.097438 0.213749 -0.972017 71.148117 -0.060322 0.973600 0.220144 9.272200 0.000000 0.000000 0.000000 1.000000
0.993542 0.082557 -0.077841 0.425464 -0.094434 0.221295 -0.970624 71.143684 -0.062905 0.971706 0.227662 9.136460 0.000000 0.000000 0.000000 1.000000
0.993602 0.085045 -0.074306 0.317528 -0.092217 0.231148 -0.968538 71.122513 -0.065194 0.969194 0.237512 8.985483 0.000000 0.000000 0.000000 1.000000
0.993731 0.088402 -0.068444 0.196986 -0.088138 0.242803 -0.966063 71.101059 -0.068784 0.966039 0.249072 8.844585 0.000000 0.000000 0.000000 1.000000
0.993870 0.092206 -0.061002 0.073291 -0.082743 0.254410 -0.963550 71.081261 -0.073326 0.962691 0.260480 8.710365 0.000000 0.000000 0.000000 1.000000
0.993969 0.095406 -0.054071 -0.045659 -0.077643 0.264053 -0.961378 71.084145 -0.077444 0.959778 0.269868 8.561726 0.000000 0.000000 0.000000 1.000000
0.994029 0.097644 -0.048704 -0.153846 -0.073646 0.271011 -0.959755 71.109245 -0.080516 0.957611 0.276584 8.415421 0.000000 0.000000 0.000000 1.000000
0.994161 0.097981 -0.045211 -0.244904 -0.070819 0.276313 -0.958455 71.138832 -0.081418 0.956060 0.281639 8.294506 0.000000 0.000000 0.000000 1.000000
0.994200 0.098169 -0.043921 -0.334945 -0.070001 0.280650 -0.957254 71.196106 -0.081647 0.954777 0.285894 8.187179 0.000000 0.000000 0.000000 1.000000
0.994032 0.099102 -0.045588 -0.432444 -0.072043 0.282599 -0.956529 71.289360 -0.081911 0.954105 0.288052 8.083561 0.000000 0.000000 0.000000 1.000000
0.993871 0.099186 -0.048814 -0.519451 -0.075160 0.282473 -0.956326 71.366959 -0.081066 0.954134 0.288196 7.980240 0.000000 0.000000 0.000000 1.000000
0.993767 0.098514 -0.052180 -0.594038 -0.078111 0.281361 -0.956418 71.411194 -0.079539 0.954532 0.287302 7.875434 0.000000 0.000000 0.000000 1.000000
0.993685 0.097433 -0.055645 -0.657289 -0.080894 0.278435 -0.957042 71.476204 -0.077754 0.955500 0.284559 7.765069 0.000000 0.000000 0.000000 1.000000
0.993624 0.095522 -0.059889 -0.714349 -0.084086 0.274013 -0.958043 71.578041 -0.075104 0.956971 0.280298 7.642980 0.000000 0.000000 0.000000 1.000000
0.993594 0.092293 -0.065222 -0.763125 -0.087992 0.269636 -0.958934 71.677856 -0.070916 0.958529 0.276030 7.507443 0.000000 0.000000 0.000000 1.000000
0.993519 0.088277 -0.071601 -0.789074 -0.092796 0.266174 -0.959448 71.759804 -0.065639 0.959874 0.272641 7.360846 0.000000 0.000000 0.000000 1.000000</float_array><technique_common><accessor source="#mixamorig_Hips-Matrix-animation-output-transform-array" count="136" stride="16"><param type="float4x4"/></accessor></technique_common></source><source id="mixamorig_Hips-Interpolations"><Name_array id="mixamorig_Hips-Interpolations-array" count="136">
 LINEAR LINEAR LINEAR LINEAR LINEAR LINEAR LINEAR LINEAR LINEAR LINEAR LINEAR
LINEAR LINEAR LINEAR LINEAR LINEAR LINEAR LINEAR LINEAR LINEAR LINEAR LINEAR LINEAR
LINEAR LINEAR LINEAR LINEAR LINEAR LINEAR LINEAR LINEAR LINEAR LINEAR LINEAR LINEAR
LINEAR LINEAR LINEAR LINEAR LINEAR LINEAR LINEAR LINEAR LINEAR LINEAR LINEAR LINEAR
LINEAR LINEAR LINEAR LINEAR LINEAR LINEAR LINEAR LINEAR LINEAR LINEAR LINEAR LINEAR
LINEAR LINEAR LINEAR LINEAR LINEAR LINEAR LINEAR LINEAR LINEAR LINEAR LINEAR LINEAR
LINEAR LINEAR LINEAR LINEAR LINEAR LINEAR LINEAR LINEAR LINEAR LINEAR LINEAR LINEAR
LINEAR LINEAR LINEAR LINEAR LINEAR LINEAR LINEAR LINEAR LINEAR LINEAR LINEAR LINEAR
LINEAR LINEAR LINEAR LINEAR LINEAR LINEAR LINEAR LINEAR LINEAR LINEAR LINEAR LINEAR
LINEAR LINEAR LINEAR LINEAR LINEAR LINEAR LINEAR LINEAR LINEAR LINEAR LINEAR LINEAR
LINEAR LINEAR LINEAR LINEAR LINEAR LINEAR LINEAR LINEAR LINEAR LINEAR LINEAR LINEAR
LINEAR LINEAR LINEAR LINEAR LINEAR</Name_array><technique_common><accessor source="#mixamorig_Hips-Interpolations-array" count="136"><param type="name"/></accessor></technique_common></source><sampler id="mixamorig_Hips-Matrix-animation-transform"><input semantic="INPUT" source="#mixamorig_Hips-Matrix-animation-input"/><input semantic="OUTPUT" source="#mixamorig_Hips-Matrix-animation-output-transform"/><input semantic="INTERPOLATION" source="#mixamorig_Hips-Interpolations"/></sampler><channel source="#mixamorig_Hips-Matrix-animation-transform" target="mixamorig_Hips/matrix"/></animation>
    <animation id="mixamorig_Spine-anim" name="mixamorig_Spine"><source id="mixamorig_Spine-Matrix-animation-input"><float_array id="mixamorig_Spine-Matrix-animation-input-array" count="136">

0.000000 0.033333 0.066667 0.100000 0.133333 0.166667 0.200000 0.233333 0.266667 0.300000 0.333333 0.366667 0.400000 0.433333 0.466667 0.500000
0.533333 0.566667 0.600000 0.633333 0.666667 0.700000 0.733333 0.766667 0.800000 0.833333 0.866667 0.900000 0.933333 0.966667 1.000000 1.033333
1.066667 1.100000 1.133333 1.166667 1.200000 1.233333 1.266667 1.300000 1.333333 1.366667 1.400000 1.433333 1.466667 1.500000 1.533333 1.566667
1.600000 1.633333 1.666667 1.700000 1.733333 1.766667 1.800000 1.833333 1.866667 1.900000 1.933333 1.966667 2.000000 2.033333 2.066667 2.100000
2.133333 2.166667 2.200000 2.233333 2.266667 2.300000 2.333333 2.366667 2.400000 2.433333 2.466667 2.500000 2.533333 2.566667 2.600000 2.633333
2.666667 2.700000 2.733333 2.766667 2.800000 2.833333 2.866667 2.900000 2.933333 2.966667 3.000000 3.033333 3.066667 3.100000 3.133333 3.166667
3.200000 3.233333 3.266667 3.300000 3.333333 3.366667 3.400000 3.433333 3.466667 3.500000 3.533333 3.566667 3.600000 3.633333 3.666667 3.700000
3.733333 3.766667 3.800000 3.833333 3.866667 3.900000 3.933333 3.966667 4.000000 4.033333 4.066667 4.100000 4.133333 4.166667 4.200000 4.233333
4.266667 4.300000 4.333333 4.366667 4.400000 4.433333 4.466667 4.500000</float_array><technique_common><accessor source="#mixamorig_Spine-Matrix-animation-input-array" count="136"><param name="TIME" type="float"/></accessor></technique_common></source><source id="mixamorig_Spine-Matrix-animation-output-transform"><float_array id="mixamorig_Spine-Matrix-animation-output-transform-array" count="2176">

0.983564 0.039706 0.176137 -0.000000 -0.054253 0.995432 0.078555 7.463500 -0.172214 -0.086820 0.981226 -1.336300 0.000000 0.000000 0.000000 1.000000
0.983167 0.044223 0.177275 0.000000 -0.059225 0.995014 0.080246 7.463500 -0.172842 -0.089395 0.980884 -1.336300 0.000000 0.000000 0.000000 1.000000
0.982826 0.048868 0.177948 0.000000 -0.064397 0.994503 0.082563 7.463500 -0.172935 -0.092605 0.980570 -1.336300 0.000000 0.000000 0.000000 1.000000
0.982417 0.053944 0.178737 0.000000 -0.070035 0.993919 0.084972 7.463500 -0.173067 -0.095996 0.980221 -1.336300 0.000000 0.000000 0.000000 1.000000
0.981537 0.060338 0.181504 0.000000 -0.077416 0.993061 0.088521 7.463500 -0.174903 -0.100938 0.979398 -1.336300 0.000000 0.000000 0.000000 1.000000
0.980522 0.067203 0.184554 0.000000 -0.085593 0.991928 0.093552 7.463500 -0.176778 -0.107526 0.978360 -1.336300 0.000000 0.000000 0.000000 1.000000
0.979489 0.074895 0.187060 0.000000 -0.094750 0.990511 0.099555 7.463500 -0.177828 -0.115237 0.977291 -1.336300 0.000000 0.000000 0.000000 1.000000
0.978218 0.083495 0.190047 0.000000 -0.105219 0.988650 0.107237 7.463500 -0.178937 -0.124898 0.975901 -1.336300 0.000000 0.000000 0.000000 1.000000
0.977046 0.091322 0.192460 0.000000 -0.114737 0.986806 0.114236 7.463500 -0.179488 -0.133696 0.974633 -1.336300 0.000000 0.000000 0.000000 1.000000
0.976223 0.097266 0.193724 0.000000 -0.122156 0.985112 0.120961 7.463500 -0.179074 -0.141750 0.973570 -1.336300 0.000000 0.000000 0.000000 1.000000
0.975760 0.100851 0.194218 0.000000 -0.127214 0.983527 0.128416 7.463500 -0.178068 -0.150011 0.972517 -1.336300 0.000000 0.000000 0.000000 1.000000
0.975675 0.100856 0.194642 0.000000 -0.128824 0.982183 0.136822 7.463500 -0.177375 -0.158568 0.971285 -1.336300 0.000000 0.000000 0.000000 1.000000
0.975684 0.097871 0.196119 0.000000 -0.127895 0.980866 0.146782 7.463500 -0.178001 -0.168295 0.969532 -1.336300 0.000000 0.000000 0.000000 1.000000
0.975623 0.093894 0.198351 0.000000 -0.126322 0.979369 0.157731 7.463500 -0.179449 -0.178942 0.967356 -1.336300 0.000000 0.000000 0.000000 1.000000
0.975471 0.090885 0.200488 0.000000 -0.125657 0.977717 0.168164 7.463500 -0.180737 -0.189232 0.965156 -1.336300 0.000000 0.000000 0.000000 1.000000
0.975272 0.089456 0.202092 0.000000 -0.126451 0.975819 0.178292 7.463500 -0.181256 -0.199438 0.963001 -1.336300 0.000000 0.000000 0.000000 1.000000
0.975233 0.087876 0.202974 0.000000 -0.127079 0.973717 0.189014 7.463500 -0.181030 -0.210126 0.960768 -1.336300 0.000000 0.000000 0.000000 1.000000
0.975404 0.084994 0.203379 0.000000 -0.126270 0.971729 0.199494 7.463500 -0.180673 -0.220268 0.958561 -1.336300 0.000000 0.000000 0.000000 1.000000
0.975711 0.080068 0.203904 -0.000000 -0.123369 0.970008 0.209440 7.463500 -0.181019 -0.229509 0.956325 -1.336300 0.000000 0.000000 0.000000 1.000000
0.976031 0.075325 0.204179 0.000000 -0.120579 0.968197 0.219216 7.463500 -0.181173 -0.238581 0.954073 -1.336300 0.000000 0.000000 0.000000 1.000000
0.976354 0.071957 0.203848 -0.000000 -0.118944 0.966221 0.228624 7.463500 -0.180511 -0.247465 0.951933 -1.336300 0.000000 0.000000 0.000000 1.000000
0.976619 0.068651 0.203720 0.000000 -0.117446 0.964105 0.238135 7.463500 -0.180059 -0.256494 0.949626 -1.336300 0.000000 0.000000 0.000000 1.000000
0.976808 0.065972 0.203699 0.000000 -0.116517 0.961933 0.247201 7.463500 -0.179637 -0.265202 0.947311 -1.336300 0.000000 0.000000 0.000000 1.000000
0.976849 0.065113 0.203782 0.000000 -0.117447 0.959397 0.256446 7.463500 -0.178810 -0.274442 0.944833 -1.336300 0.000000 0.000000 0.000000 1.000000
0.976930 0.063022 0.204048 0.000000 -0.117324 0.956746 0.266219 7.463500 -0.178445 -0.284017 0.942068 -1.336300 0.000000 0.000000 0.000000 1.000000
0.977144 0.060116 0.203899 -0.000000 -0.116028 0.954529 0.274611 7.463500 -0.178119 -0.291993 0.939688 -1.336300 0.000000 0.000000 0.000000 1.000000
0.977449 0.057064 0.203316 -0.000000 -0.114350 0.952451 0.282419 7.463500 -0.177533 -0.299300 0.937498 -1.336300 0.000000 0.000000 0.000000 1.000000
0.977625 0.052822 0.203616 0.000000 -0.111894 0.950241 0.290725 7.463500 -0.178128 -0.307004 0.934890 -1.336300 0.000000 0.000000 0.000000 1.000000
0.977735 0.048666 0.204122 0.000000 -0.109276 0.948515 0.297285 7.463500 -0.179145 -0.312972 0.932714 -1.336300 0.000000 0.000000 0.000000 1.000000
0.978038 0.044796 0.203557 0.000000 -0.106221 0.947414 0.301866 7.463500 -0.179331 -0.316859 0.931365 -1.336300 0.000000 0.000000 0.000000 1.000000
0.978269 0.041718 0.203099 0.000000 -0.103874 0.946368 0.305939 7.463500 -0.179444 -0.320387 0.930135 -1.336300 0.000000 0.000000 0.000000 1.000000
0.978347 0.039249 0.203218 0.000000 -0.102186 0.945441 0.309353 7.463500 -0.179989 -0.323420 0.928980 -1.336300 0.000000 0.000000 0.000000 1.000000
0.978458 0.037446 0.203021 -0.000000 -0.100131 0.946075 0.308083 7.463500 -0.180536 -0.321775 0.929445 -1.336300 0.000000 0.000000 0.000000 1.000000
0.978581 0.036097 0.202674 -0.000000 -0.098334 0.946892 0.306147 7.463500 -0.180859 -0.319520 0.930160 -1.336300 0.000000 0.000000 0.000000 1.000000
0.978598 0.035512 0.202693 0.000000 -0.097289 0.947803 0.303651 7.463500 -0.181330 -0.316872 0.930973 -1.336300 0.000000 0.000000 0.000000 1.000000
0.978509 0.035696 0.203089 -0.000000 -0.097023 0.948768 0.300709 7.463500 -0.181950 -0.313951 0.931842 -1.336300 0.000000 0.000000 0.000000 1.000000
0.978322 0.036630 0.203825 0.000000 -0.097632 0.949571 0.297964 7.463500 -0.182632 -0.311404 0.932563 -1.336300 0.000000 0.000000 0.000000 1.000000
0.978081 0.038699 0.204596 0.000000 -0.099420 0.950136 0.295564 7.463500 -0.182956 -0.309426 0.933157 -1.336300 0.000000 0.000000 0.000000 1.000000
0.977632 0.042400 0.206006 0.000000 -0.102975 0.950538 0.293041 7.463500 -0.183392 -0.307700 0.933643 -1.336300 0.000000 0.000000 0.000000 1.000000
0.977046 0.046696 0.207847 -0.000000 -0.107115 0.951058 0.289854 7.463500 -0.184139 -0.305464 0.934229 -1.336300 0.000000 0.000000 0.000000 1.000000
0.976384 0.050326 0.210098 0.000000 -0.110467 0.952045 0.285320 7.463500 -0.185664 -0.301790 0.935121 -1.336300 0.000000 0.000000 0.000000 1.000000
0.975691 0.053468 0.212526 0.000000 -0.113255 0.953261 0.280120 7.463500 -0.187615 -0.297380 0.936144 -1.336300 0.000000 0.000000 0.000000 1.000000
0.975284 0.055688 0.213823 0.000000 -0.114789 0.954577 0.274964 7.463500 -0.188799 -0.292713 0.937376 -1.336300 0.000000 0.000000 0.000000 1.000000
0.975094 0.057218 0.214282 -0.000000 -0.115434 0.955905 0.270038 7.463500 -0.189383 -0.288048 0.938703 -1.336300 0.000000 0.000000 0.000000 1.000000
0.974971 0.058286 0.214555 -0.000000 -0.115318 0.957640 0.263869 7.463500 -0.190087 -0.282007 0.940393 -1.336300 0.000000 0.000000 0.000000 1.000000
0.975011 0.058838 0.214224 -0.000000 -0.114119 0.959988 0.255733 7.463500 -0.190606 -0.273789 0.942714 -1.336300 0.000000 0.000000 0.000000 1.000000
0.975275 0.058657 0.213067 0.000000 -0.111963 0.962384 0.247551 7.463500 -0.190532 -0.265286 0.945157 -1.336300 0.000000 0.000000 0.000000 1.000000
0.975512 0.058343 0.212065 0.000000 -0.109877 0.964513 0.240085 7.463500 -0.190532 -0.257507 0.947305 -1.336300 0.000000 0.000000 0.000000 1.000000
0.975636 0.059281 0.211234 0.000000 -0.109002 0.966541 0.232202 7.463500 -0.190401 -0.249570 0.949454 -1.336300 0.000000 0.000000 0.000000 1.000000
0.975704 0.061699 0.210225 -0.000000 -0.109258 0.968726 0.222784 7.463500 -0.189905 -0.240340 0.951931 -1.336300 0.000000 0.000000 0.000000 1.000000
0.975821 0.063960 0.209006 0.000000 -0.109165 0.971040 0.212520 7.463500 -0.189360 -0.230197 0.954543 -1.336300 0.000000 0.000000 0.000000 1.000000
0.975981 0.066867 0.207342 -0.000000 -0.109728 0.973076 0.202688 7.463500 -0.188206 -0.220571 0.957041 -1.336300 0.000000 0.000000 0.000000 1.000000
0.975991 0.071269 0.205819 0.000000 -0.111966 0.974704 0.193429 7.463500 -0.186827 -0.211830 0.959283 -1.336300 0.000000 0.000000 0.000000 1.000000
0.976066 0.075006 0.204132 -0.000000 -0.113382 0.976489 0.183340 7.463500 -0.185581 -0.202097 0.961622 -1.336300 0.000000 0.000000 0.000000 1.000000
0.975788 0.079919 0.203594 0.000000 -0.116270 0.977970 0.173369 7.463500 -0.185253 -0.192843 0.963583 -1.336300 0.000000 0.000000 0.000000 1.000000
0.975152 0.086990 0.203741 0.000000 -0.121398 0.979132 0.162984 7.463500 -0.185312 -0.183667 0.965363 -1.336300 0.000000 0.000000 0.000000 1.000000
0.974655 0.094064 0.202976 -0.000000 -0.126314 0.980233 0.152276 7.463500 -0.184640 -0.174056 0.967271 -1.336300 0.000000 0.000000 0.000000 1.000000
0.974162 0.100585 0.202215 -0.000000 -0.131007 0.980990 0.143164 7.463500 -0.183971 -0.165957 0.968820 -1.336300 0.000000 0.000000 0.000000 1.000000
0.973731 0.105281 0.201902 -0.000000 -0.134226 0.981647 0.135470 7.463500 -0.183935 -0.159012 0.969991 -1.336300 0.000000 0.000000 0.000000 1.000000
0.973835 0.106003 0.201021 0.000000 -0.133806 0.982423 0.130161 7.463500 -0.183690 -0.153653 0.970901 -1.336300 0.000000 0.000000 0.000000 1.000000
0.974153 0.104882 0.200062 0.000000 -0.132022 0.983012 0.127508 7.463500 -0.183290 -0.150625 0.971451 -1.336300 0.000000 0.000000 0.000000 1.000000
0.974446 0.104032 0.199080 0.000000 -0.130752 0.983359 0.126131 7.463500 -0.182645 -0.148938 0.971832 -1.336300 0.000000 0.000000 0.000000 1.000000
0.975053 0.101962 0.197168 0.000000 -0.128403 0.983645 0.126313 7.463500 -0.181064 -0.148479 0.972198 -1.336300 0.000000 0.000000 0.000000 1.000000
0.976014 0.098690 0.194056 0.000000 -0.124843 0.983950 0.127501 7.463500 -0.178358 -0.148669 0.972669 -1.336300 0.000000 0.000000 0.000000 1.000000
0.976835 0.095393 0.191558 0.000000 -0.121513 0.984095 0.129583 7.463500 -0.176150 -0.149858 0.972889 -1.336300 0.000000 0.000000 0.000000 1.000000
0.977276 0.091692 0.191115 0.000000 -0.118214 0.984131 0.132331 7.463500 -0.175948 -0.151917 0.972607 -1.336300 0.000000 0.000000 0.000000 1.000000
0.977674 0.086437 0.191524 -0.000000 -0.113433 0.984361 0.134786 7.463500 -0.176878 -0.153502 0.972189 -1.336300 0.000000 0.000000 0.000000 1.000000
0.977666 0.083492 0.192868 0.000000 -0.111324 0.984115 0.138293 7.463500 -0.178258 -0.156675 0.971430 -1.336300 0.000000 0.000000 0.000000 1.000000
0.977611 0.082025 0.193774 0.000000 -0.110850 0.983505 0.142932 7.463500 -0.178854 -0.161212 0.970578 -1.336300 0.000000 0.000000 0.000000 1.000000
0.977696 0.080188 0.194113 0.000000 -0.110202 0.982658 0.149124 7.463500 -0.178789 -0.167190 0.969578 -1.336300 0.000000 0.000000 0.000000 1.000000
0.977689 0.081024 0.193803 0.000000 -0.111981 0.981622 0.154529 7.463500 -0.177721 -0.172783 0.968794 -1.336300 0.000000 0.000000 0.000000 1.000000
0.977652 0.082690 0.193285 0.000000 -0.114454 0.980553 0.159423 7.463500 -0.176343 -0.177982 0.968104 -1.336300 0.000000 0.000000 0.000000 1.000000
0.977862 0.080912 0.192973 0.000000 -0.113635 0.979719 0.165039 7.463500 -0.175705 -0.183313 0.967225 -1.336300 0.000000 0.000000 0.000000 1.000000
0.978177 0.076736 0.193082 0.000000 -0.110497 0.979113 0.170668 7.463500 -0.175953 -0.188279 0.966225 -1.336300 0.000000 0.000000 0.000000 1.000000
0.978218 0.072765 0.194408 0.000000 -0.107851 0.978376 0.176491 7.463500 -0.177362 -0.193614 0.964913 -1.336300 0.000000 0.000000 0.000000 1.000000
0.978128 0.069427 0.196078 -0.000000 -0.105965 0.977480 0.182498 7.463500 -0.178992 -0.199283 0.963456 -1.336300 0.000000 0.000000 0.000000 1.000000
0.978091 0.067294 0.196999 -0.000000 -0.105315 0.976235 0.189403 7.463500 -0.179572 -0.206000 0.961935 -1.336300 0.000000 0.000000 0.000000 1.000000
0.978000 0.065375 0.198097 0.000000 -0.104883 0.974969 0.196048 7.463500 -0.180321 -0.212512 0.960376 -1.336300 0.000000 0.000000 0.000000 1.000000
0.978002 0.062717 0.198944 0.000000 -0.103776 0.973617 0.203225 7.463500 -0.180950 -0.219400 0.958708 -1.336300 0.000000 0.000000 0.000000 1.000000
0.978268 0.058700 0.198864 0.000000 -0.101321 0.972117 0.211478 7.463500 -0.180905 -0.227031 0.956938 -1.336300 0.000000 0.000000 0.000000 1.000000
0.978452 0.053361 0.199461 0.000000 -0.097337 0.971156 0.217673 7.463500 -0.182092 -0.232397 0.955423 -1.336300 0.000000 0.000000 0.000000 1.000000
0.978534 0.046985 0.200660 0.000000 -0.092059 0.970777 0.221622 7.463500 -0.184384 -0.235337 0.954264 -1.336300 0.000000 0.000000 0.000000 1.000000
0.978514 0.040591 0.202147 0.000000 -0.086767 0.970456 0.225136 7.463500 -0.187036 -0.237838 0.953127 -1.336300 0.000000 0.000000 0.000000 1.000000
0.978493 0.036140 0.203092 0.000000 -0.083067 0.970213 0.227568 7.463500 -0.188818 -0.239543 0.952348 -1.336300 0.000000 0.000000 0.000000 1.000000
0.978633 0.032867 0.202969 -0.000000 -0.080272 0.969878 0.229986 7.463500 -0.189296 -0.241365 0.951793 -1.336300 0.000000 0.000000 0.000000 1.000000
0.978740 0.031289 0.202703 0.000000 -0.079114 0.969407 0.232361 7.463500 -0.189231 -0.243457 0.951273 -1.336300 0.000000 0.000000 0.000000 1.000000
0.978713 0.031263 0.202839 -0.000000 -0.079547 0.968858 0.234492 7.463500 -0.189191 -0.245636 0.950721 -1.336300 0.000000 0.000000 0.000000 1.000000
0.978632 0.031455 0.203198 0.000000 -0.080219 0.968326 0.236454 7.463500 -0.189325 -0.247702 0.950158 -1.336300 0.000000 0.000000 0.000000 1.000000
0.978604 0.030594 0.203464 0.000000 -0.079849 0.967849 0.238521 7.463500 -0.189625 -0.249665 0.949584 -1.336300 0.000000 0.000000 0.000000 1.000000
0.978632 0.029856 0.203441 -0.000000 -0.079505 0.967392 0.240483 7.463500 -0.189628 -0.251519 0.949094 -1.336300 0.000000 0.000000 0.000000 1.000000
0.978775 0.028195 0.202991 0.000000 -0.078061 0.967116 0.242059 7.463500 -0.189491 -0.252767 0.948790 -1.336300 0.000000 0.000000 0.000000 1.000000
0.978889 0.025747 0.202763 0.000000 -0.075943 0.966832 0.243863 7.463500 -0.189759 -0.254113 0.948376 -1.336300 0.000000 0.000000 0.000000 1.000000
0.978862 0.022848 0.203243 0.000000 -0.073649 0.966451 0.246066 7.463500 -0.190802 -0.255834 0.947704 -1.336300 0.000000 0.000000 0.000000 1.000000
