<?xml version="1.0" encoding="utf-8"?>
<COLLADA xmlns="http://www.collada.org/2005/11/COLLADASchema" version="1.4.1">
  <asset><contributor><author>Mixamo</author><authoring_tool>COLLADA Mixamo exporter</authoring_tool><comments></comments></contributor><created>2020-12-04T01:52:54Z</created><modified>2020-12-04T01:52:54Z</modified><revision></revision><title></title><unit meter="0.010000"/><up_axis>Y_UP</up_axis></asset>
  <library_animations>
    <animation id="mixamorig_Hips-anim" name="mixamorig_Hips"><source id="mixamorig_Hips-Matrix-animation-input"><float_array id="mixamorig_Hips-Matrix-animation-input-array" count="86">

0.000000 0.033333 0.066667 0.100000 0.133333 0.166667 0.200000 0.233333 0.266667 0.300000 0.333333 0.366667 0.400000 0.433333 0.466667 0.500000
0.533333 0.566667 0.600000 0.633333 0.666667 0.700000 0.733333 0.766667 0.800000 0.833333 0.866667 0.900000 0.933333 0.966667 1.000000 1.033333
1.066667 1.100000 1.133333 1.166667 1.200000 1.233333 1.266667 1.300000 1.333333 1.366667 1.400000 1.433333 1.466667 1.500000 1.533333 1.566667
1.600000 1.633333 1.666667 1.700000 1.733333 1.766667 1.800000 1.833333 1.866667 1.900000 1.933333 1.966667 2.000000 2.033333 2.066667 2.100000
2.133333 2.166667 2.200000 2.233333 2.266667 2.300000 2.333333 2.366667 2.400000 2.433333 2.466667 2.500000 2.533333 2.566667 2.600000 2.633333
2.666667 2.700000 2.733333 2.766667 2.800000 2.833333</float_array><technique_common><accessor source="#mixamorig_Hips-Matrix-animation-input-array" count="86"><param name="TIME" type="float"/></accessor></technique_common></source><source id="mixamorig_Hips-Matrix-animation-output-transform"><float_array id="mixamorig_Hips-Matrix-animation-output-transform-array" count="1376">

0.691927 0.117512 -0.712340 -0.079216 -0.007127 0.987728 0.156019 83.041626 0.721932 -0.102877 0.684273 1.623776 0.000000 0.000000 0.000000 1.000000
0.694743 0.118868 -0.709367 -0.278091 -0.005168 0.987049 0.160338 83.048271 0.719239 -0.107727 0.686360 1.349030 0.000000 0.000000 0.000000 1.000000
0.697623 0.119533 -0.706424 -0.543124 -0.005335 0.986824 0.161710 83.287682 0.716445 -0.109044 0.689068 0.997044 0.000000 0.000000 0.000000 1.000000
0.700662 0.118735 -0.703544 -0.863190 -0.007525 0.987231 0.159118 83.773514 0.713453 -0.106194 0.692609 0.554733 0.000000 0.000000 0.000000 1.000000
0.704436 0.116443 -0.700151 -1.233139 -0.011155 0.988145 0.153117 84.413727 0.709680 -0.100051 0.697384 -0.000418 0.000000 0.000000 0.000000 1.000000
0.708893 0.114397 -0.695977 -1.637582 -0.016186 0.989138 0.146097 85.026917 0.705130 -0.092302 0.703045 -0.672239 0.000000 0.000000 0.000000 1.000000
0.711680 0.112907 -0.693371 -2.045886 -0.020965 0.989974 0.139688 85.487556 0.702191 -0.084877 0.706912 -1.411188 0.000000 0.000000 0.000000 1.000000
0.713346 0.114132 -0.691456 -2.428591 -0.026311 0.990316 0.136318 85.743744 0.700318 -0.079049 0.709441 -2.208080 0.000000 0.000000 0.000000 1.000000
0.714885 0.118052 -0.689205 -2.775135 -0.031307 0.990061 0.137112 85.784363 0.698541 -0.076442 0.711475 -3.012019 0.000000 0.000000 0.000000 1.000000
0.716846 0.123918 -0.686131 -3.079228 -0.035504 0.989290 0.141576 85.612434 0.696327 -0.077128 0.713569 -3.765869 0.000000 0.000000 0.000000 1.000000
0.717812 0.130422 -0.683912 -3.332814 -0.037923 0.988164 0.148640 85.286819 0.695203 -0.080759 0.714262 -4.411147 0.000000 0.000000 0.000000 1.000000
0.715412 0.133380 -0.685854 -3.562055 -0.035820 0.987321 0.154643 84.952560 0.697784 -0.086066 0.711119 -4.840784 0.000000 0.000000 0.000000 1.000000
0.718207 0.138862 -0.681833 -3.763141 -0.036748 0.986087 0.162117 84.699173 0.694858 -0.091378 0.713318 -5.103058 0.000000 0.000000 0.000000 1.000000
0.726447 0.148562 -0.670973 -3.934056 -0.041636 0.984075 0.172808 84.577370 0.685960 -0.097599 0.721064 -5.182439 0.000000 0.000000 0.000000 1.000000
0.730938 0.152545 -0.665176 -4.075155 -0.041486 0.982827 0.179804 84.633125 0.681181 -0.103830 0.724715 -4.971586 0.000000 0.000000 0.000000 1.000000
0.735585 0.150664 -0.660465 -4.155500 -0.037613 0.982534 0.182243 84.784355 0.676387 -0.109213 0.728404 -4.581009 0.000000 0.000000 0.000000 1.000000
0.739463 0.147516 -0.656836 -4.195576 -0.034253 0.982677 0.182133 84.959000 0.672326 -0.112182 0.731706 -4.087886 0.000000 0.000000 0.000000 1.000000
0.740283 0.143934 -0.656707 -4.206232 -0.032037 0.983256 0.179392 85.114960 0.671531 -0.111762 0.732499 -3.573629 0.000000 0.000000 0.000000 1.000000
0.738134 0.140331 -0.659898 -4.208004 -0.030500 0.984069 0.175152 85.273071 0.673965 -0.109159 0.730655 -3.055070 0.000000 0.000000 0.000000 1.000000
0.735441 0.135492 -0.663904 -4.172958 -0.026719 0.984840 0.171393 85.461411 0.677062 -0.108311 0.727912 -2.531997 0.000000 0.000000 0.000000 1.000000
0.732644 0.130178 -0.668047 -4.124505 -0.022481 0.985631 0.167408 85.672462 0.680241 -0.107632 0.725043 -2.015876 0.000000 0.000000 0.000000 1.000000
0.729541 0.124378 -0.672533 -4.083209 -0.019350 0.986685 0.161487 85.867935 0.683664 -0.104798 0.722234 -1.528139 0.000000 0.000000 0.000000 1.000000
0.727094 0.117054 -0.676485 -4.017628 -0.015866 0.987960 0.153896 86.011353 0.686354 -0.101164 0.720197 -1.098874 0.000000 0.000000 0.000000 1.000000
0.725383 0.110438 -0.679429 -3.924101 -0.012845 0.989045 0.147051 86.100838 0.688226 -0.097941 0.718855 -0.743784 0.000000 0.000000 0.000000 1.000000
0.724918 0.106503 -0.680552 -3.811577 -0.010727 0.989601 0.143441 86.148598 0.688752 -0.096683 0.718521 -0.464345 0.000000 0.000000 0.000000 1.000000
0.727115 0.105402 -0.678377 -3.694853 -0.009765 0.989632 0.143296 86.156326 0.686447 -0.097568 0.720605 -0.255292 0.000000 0.000000 0.000000 1.000000
0.732335 0.106105 -0.672627 -3.581915 -0.011074 0.989511 0.144035 86.115822 0.680855 -0.098033 0.725828 -0.115976 0.000000 0.000000 0.000000 1.000000
0.738490 0.107490 -0.665641 -3.494963 -0.014606 0.989530 0.143589 86.030640 0.674106 -0.096317 0.732328 -0.042511 0.000000 0.000000 0.000000 1.000000
0.744288 0.109343 -0.658847 -3.433425 -0.019665 0.989667 0.142030 85.928696 0.667569 -0.092755 0.738748 -0.025994 0.000000 0.000000 0.000000 1.000000
0.749075 0.111364 -0.653058 -3.382850 -0.025226 0.989850 0.139862 85.839661 0.662005 -0.088293 0.744281 -0.045770 0.000000 0.000000 0.000000 1.000000
0.753461 0.112046 -0.647875 -3.323699 -0.029090 0.990089 0.137398 85.774742 0.656849 -0.084677 0.749253 -0.076941 0.000000 0.000000 0.000000 1.000000
0.756477 0.111924 -0.644372 -3.254566 -0.031945 0.990395 0.134524 85.735451 0.653239 -0.081180 0.752787 -0.093357 0.000000 0.000000 0.000000 1.000000
0.757939 0.111776 -0.642678 -3.195657 -0.035377 0.990804 0.130601 85.712776 0.651366 -0.076251 0.754923 -0.099479 0.000000 0.000000 0.000000 1.000000
0.762218 0.109978 -0.637909 -3.119564 -0.038064 0.991371 0.125434 85.696014 0.646200 -0.071327 0.759828 -0.090137 0.000000 0.000000 0.000000 1.000000
0.766298 0.108497 -0.633258 -3.061492 -0.042105 0.992000 0.119010 85.696739 0.641104 -0.064534 0.764736 -0.020427 0.000000 0.000000 0.000000 1.000000
0.767317 0.108359 -0.632046 -3.055557 -0.046379 0.992416 0.113836 85.718536 0.639588 -0.058034 0.766524 0.088822 0.000000 0.000000 0.000000 1.000000
0.767661 0.107820 -0.631721 -3.050666 -0.048758 0.992715 0.110184 85.756393 0.638999 -0.053783 0.767325 0.216253 0.000000 0.000000 0.000000 1.000000
0.767765 0.107002 -0.631734 -3.031123 -0.049587 0.992923 0.107915 85.785919 0.638810 -0.051527 0.767637 0.347266 0.000000 0.000000 0.000000 1.000000
0.766163 0.106133 -0.633822 -3.020422 -0.050084 0.993130 0.105757 85.796516 0.640692 -0.049283 0.766215 0.452640 0.000000 0.000000 0.000000 1.000000
0.763708 0.105683 -0.636852 -3.025985 -0.051363 0.993329 0.103246 85.785568 0.643515 -0.046139 0.764042 0.528525 0.000000 0.000000 0.000000 1.000000
0.760957 0.106660 -0.639976 -3.067753 -0.053705 0.993365 0.101699 85.760315 0.646576 -0.043018 0.761636 0.586105 0.000000 0.000000 0.000000 1.000000
0.758879 0.107845 -0.642239 -3.147756 -0.054684 0.993262 0.102174 85.750015 0.648931 -0.042418 0.759664 0.649404 0.000000 0.000000 0.000000 1.000000
0.757045 0.108690 -0.644258 -3.250563 -0.054818 0.993155 0.103137 85.753128 0.651059 -0.042763 0.757822 0.721520 0.000000 0.000000 0.000000 1.000000
0.754781 0.109907 -0.646704 -3.365062 -0.055663 0.993039 0.103801 85.755234 0.653611 -0.042349 0.755645 0.790088 0.000000 0.000000 0.000000 1.000000
0.753596 0.111223 -0.647859 -3.474906 -0.056784 0.992912 0.104409 85.744392 0.654880 -0.041894 0.754571 0.847717 0.000000 0.000000 0.000000 1.000000
0.753273 0.112679 -0.647984 -3.582552 -0.058254 0.992774 0.104915 85.719147 0.655123 -0.041282 0.754393 0.893705 0.000000 0.000000 0.000000 1.000000
0.752319 0.114264 -0.648814 -3.703236 -0.059381 0.992596 0.105954 85.707573 0.656117 -0.041184 0.753534 0.944403 0.000000 0.000000 0.000000 1.000000
0.750762 0.115479 -0.650401 -3.829076 -0.059193 0.992401 0.107875 85.718163 0.657916 -0.042489 0.751892 1.008604 0.000000 0.000000 0.000000 1.000000
0.749557 0.115898 -0.651715 -3.946106 -0.057842 0.992255 0.109932 85.716957 0.659408 -0.044703 0.750455 1.071672 0.000000 0.000000 0.000000 1.000000
0.747835 0.116114 -0.653651 -4.055376 -0.055597 0.992081 0.112624 85.704269 0.661552 -0.047883 0.748369 1.134398 0.000000 0.000000 0.000000 1.000000
0.746110 0.116533 -0.655546 -4.155397 -0.052505 0.991796 0.116547 85.687080 0.663750 -0.052537 0.746107 1.191894 0.000000 0.000000 0.000000 1.000000
0.744529 0.117110 -0.657238 -4.256587 -0.048969 0.991421 0.121183 85.660934 0.665791 -0.058040 0.743877 1.236698 0.000000 0.000000 0.000000 1.000000
0.742327 0.117786 -0.659604 -4.358671 -0.044838 0.990953 0.126494 85.625244 0.668536 -0.064325 0.740893 1.271383 0.000000 0.000000 0.000000 1.000000
0.740007 0.118410 -0.662094 -4.452289 -0.040141 0.990402 0.132261 85.585854 0.671400 -0.071297 0.737657 1.291298 0.000000 0.000000 0.000000 1.000000
0.738138 0.118358 -0.664186 -4.536178 -0.034552 0.989831 0.137989 85.556374 0.673764 -0.078906 0.734722 1.294118 0.000000 0.000000 0.000000 1.000000
0.735852 0.118778 -0.666643 -4.624205 -0.029124 0.989136 0.144091 85.522034 0.676515 -0.086614 0.731317 1.278190 0.000000 0.000000 0.000000 1.000000
0.733237 0.120181 -0.669268 -4.716316 -0.025054 0.988364 0.150032 85.482712 0.679512 -0.093241 0.727716 1.228565 0.000000 0.000000 0.000000 1.000000
0.730682 0.121385 -0.671841 -4.812855 -0.020133 0.987470 0.156515 85.458374 0.682421 -0.100836 0.723970 1.150027 0.000000 0.000000 0.000000 1.000000
0.727770 0.122352 -0.674819 -4.928749 -0.013715 0.986357 0.164046 85.459053 0.685684 -0.110132 0.719519 1.054071 0.000000 0.000000 0.000000 1.000000
0.725210 0.123095 -0.677435 -5.042442 -0.008261 0.985374 0.170207 85.483650 0.688478 -0.117840 0.715620 0.917435 0.000000 0.000000 0.000000 1.000000
0.723215 0.123332 -0.679522 -5.146101 -0.003640 0.984592 0.174828 85.547966 0.690614 -0.123965 0.712521 0.732215 0.000000 0.000000 0.000000 1.000000
0.722160 0.123959 -0.680529 -5.254793 -0.000069 0.983825 0.179131 85.678604 0.691726 -0.129314 0.710488 0.488298 0.000000 0.000000 0.000000 1.000000
0.722876 0.124443 -0.679679 -5.362748 0.000835 0.983491 0.180957 85.871407 0.690977 -0.131377 0.710838 0.159083 0.000000 0.000000 0.000000 1.000000
0.726023 0.123844 -0.676427 -5.450313 -0.000054 0.983660 0.180036 86.087761 0.687670 -0.130674 0.714167 -0.241499 0.000000 0.000000 0.000000 1.000000
0.731673 0.122793 -0.670504 -5.499960 -0.002845 0.984183 0.177135 86.295959 0.681650 -0.127697 0.720449 -0.685355 0.000000 0.000000 0.000000 1.000000
0.738024 0.121191 -0.663802 -5.513631 -0.006813 0.985028 0.172262 86.476257 0.674740 -0.122611 0.727800 -1.117982 0.000000 0.000000 0.000000 1.000000
0.742179 0.120377 -0.659303 -5.497206 -0.011343 0.985853 0.167231 86.592865 0.670106 -0.116637 0.733044 -1.482096 0.000000 0.000000 0.000000 1.000000
0.743239 0.121150 -0.657966 -5.440381 -0.015695 0.986354 0.163887 86.626587 0.668842 -0.111480 0.734998 -1.774142 0.000000 0.000000 0.000000 1.000000
0.741877 0.122546 -0.659242 -5.331491 -0.018772 0.986568 0.162268 86.565964 0.670273 -0.108008 0.734213 -2.000360 0.000000 0.000000 0.000000 1.000000
0.738140 0.124050 -0.663145 -5.160577 -0.020047 0.986549 0.162233 86.404457 0.674350 -0.106456 0.730698 -2.129910 0.000000 0.000000 0.000000 1.000000
0.733229 0.125813 -0.668241 -4.944263 -0.020220 0.986333 0.163516 86.178688 0.679681 -0.106383 0.725752 -2.147641 0.000000 0.000000 0.000000 1.000000
0.729824 0.127464 -0.671647 -4.681948 -0.020769 0.986145 0.164581 85.908302 0.683319 -0.106166 0.722360 -2.073349 0.000000 0.000000 0.000000 1.000000
0.727586 0.128571 -0.673860 -4.361915 -0.022027 0.986152 0.164372 85.628174 0.685663 -0.104751 0.720343 -1.905237 0.000000 0.000000 0.000000 1.000000
0.725098 0.129395 -0.676380 -3.998092 -0.023944 0.986332 0.163022 85.427460 0.688229 -0.102012 0.718285 -1.628224 0.000000 0.000000 0.000000 1.000000
0.721848 0.129624 -0.679803 -3.595883 -0.025734 0.986650 0.160807 85.373489 0.691572 -0.098584 0.715548 -1.230644 0.000000 0.000000 0.000000 1.000000
0.717544 0.127832 -0.684682 -3.140615 -0.026685 0.987338 0.156372 85.461487 0.696002 -0.093933 0.711869 -0.745716 0.000000 0.000000 0.000000 1.000000
0.712118 0.122402 -0.691307 -2.616241 -0.026595 0.988681 0.147659 85.617043 0.701555 -0.086765 0.707313 -0.246347 0.000000 0.000000 0.000000 1.000000
0.705938 0.114360 -0.698980 -2.041503 -0.025874 0.990384 0.135905 85.761505 0.707801 -0.077855 0.702109 0.216705 0.000000 0.000000 0.000000 1.000000
0.700587 0.106597 -0.705560 -1.456970 -0.025014 0.991840 0.125011 85.813934 0.713128 -0.069932 0.697537 0.654699 0.000000 0.000000 0.000000 1.000000
0.696844 0.101901 -0.709947 -0.930173 -0.024825 0.992689 0.118118 85.686073 0.716793 -0.064685 0.694280 1.054754 0.000000 0.000000 0.000000 1.000000
0.694578 0.101721 -0.712190 -0.521265 -0.024919 0.992761 0.117491 85.369041 0.718986 -0.063859 0.692085 1.369547 0.000000 0.000000 0.000000 1.000000
0.693134 0.104936 -0.713129 -0.235713 -0.023238 0.992085 0.123398 84.880409 0.720434 -0.068960 0.690087 1.598318 0.000000 0.000000 0.000000 1.000000
0.691348 0.109086 -0.714239 -0.061210 -0.019480 0.990992 0.132498 84.289124 0.722259 -0.077688 0.687245 1.749894 0.000000 0.000000 0.000000 1.000000
0.689727 0.112915 -0.715211 0.025707 -0.015447 0.989835 0.141376 83.730637 0.723904 -0.086463 0.684461 1.813026 0.000000 0.000000 0.000000 1.000000
0.690215 0.115580 -0.714314 0.017221 -0.010730 0.988687 0.149607 83.277321 0.723525 -0.095596 0.683647 1.775404 0.000000 0.000000 0.000000 1.000000
0.691927 0.117512 -0.712340 -0.079215 -0.007127 0.987728 0.156019 83.041611 0.721932 -0.102877 0.684273 1.623776 0.000000 0.000000 0.000000 1.000000</float_array><technique_common><accessor source="#mixamorig_Hips-Matrix-animation-output-transform-array" count="86" stride="16"><param type="float4x4"/></accessor></technique_common></source><source id="mixamorig_Hips-Interpolations"><Name_array id="mixamorig_Hips-Interpolations-array" count="86">
 LINEAR LINEAR LINEAR LINEAR LINEAR LINEAR LINEAR LINEAR LINEAR LINEAR LINEAR
LINEAR LINEAR LINEAR LINEAR LINEAR LINEAR LINEAR LINEAR LINEAR LINEAR LINEAR LINEAR
LINEAR LINEAR LINEAR LINEAR LINEAR LINEAR LINEAR LINEAR LINEAR LINEAR LINEAR LINEAR
LINEAR LINEAR LINEAR LINEAR LINEAR LINEAR LINEAR LINEAR LINEAR LINEAR LINEAR LINEAR
LINEAR LINEAR LINEAR LINEAR LINEAR LINEAR LINEAR LINEAR LINEAR LINEAR LINEAR LINEAR
LINEAR LINEAR LINEAR LINEAR LINEAR LINEAR LINEAR LINEAR LINEAR LINEAR LINEAR LINEAR
LINEAR LINEAR LINEAR LINEAR LINEAR LINEAR LINEAR LINEAR LINEAR LINEAR LINEAR LINEAR
LINEAR LINEAR LINEAR</Name_array><technique_common><accessor source="#mixamorig_Hips-Interpolations-array" count="86"><param type="name"/></accessor></technique_common></source><sampler id="mixamorig_Hips-Matrix-animation-transform"><input semantic="INPUT" source="#mixamorig_Hips-Matrix-animation-input"/><input semantic="OUTPUT" source="#mixamorig_Hips-Matrix-animation-output-transform"/><input semantic="INTERPOLATION" source="#mixamorig_Hips-Interpolations"/></sampler><channel source="#mixamorig_Hips-Matrix-animation-transform" target="mixamorig_Hips/matrix"/></animation>
    <animation id="mixamorig_Spine-anim" name="mixamorig_Spine"><source id="mixamorig_Spine-Matrix-animation-input"><float_array id="mixamorig_Spine-Matrix-animation-input-array" count="86">

0.000000 0.033333 0.066667 0.100000 0.133333 0.166667 0.200000 0.233333 0.266667 0.300000 0.333333 0.366667 0.400000 0.433333 0.466667 0.500000
0.533333 0.566667 0.600000 0.633333 0.666667 0.700000 0.733333 0.766667 0.800000 0.833333 0.866667 0.900000 0.933333 0.966667 1.000000 1.033333
1.066667 1.100000 1.133333 1.166667 1.200000 1.233333 1.266667 1.300000 1.333333 1.366667 1.400000 1.433333 1.466667 1.500000 1.533333 1.566667
1.600000 1.633333 1.666667 1.700000 1.733333 1.766667 1.800000 1.833333 1.866667 1.900000 1.933333 1.966667 2.000000 2.033333 2.066667 2.100000
2.133333 2.166667 2.200000 2.233333 2.266667 2.300000 2.333333 2.366667 2.400000 2.433333 2.466667 2.500000 2.533333 2.566667 2.600000 2.633333
2.666667 2.700000 2.733333 2.766667 2.800000 2.833333</float_array><technique_common><accessor source="#mixamorig_Spine-Matrix-animation-input-array" count="86"><param name="TIME" type="float"/></accessor></technique_common></source><source id="mixamorig_Spine-Matrix-animation-output-transform"><float_array id="mixamorig_Spine-Matrix-animation-output-transform-array" count="1376">

0.998330 0.021233 0.053716 -0.000000 -0.009687 0.978359 -0.206686 7.463500 -0.056942 0.205821 0.976932 -1.336300 0.000000 0.000000 0.000000 1.000000
0.998450 0.019239 0.052223 -0.000000 -0.008035 0.978348 -0.206810 7.463500 -0.055071 0.206070 0.976986 -1.336300 0.000000 0.000000 0.000000 1.000000
0.998524 0.016750 0.051663 0.000000 -0.005914 0.979132 -0.203141 7.463500 -0.053988 0.202535 0.977786 -1.336300 0.000000 0.000000 0.000000 1.000000
0.998529 0.014189 0.052321 0.000000 -0.003754 0.980919 -0.194379 7.463500 -0.054081 0.193897 0.979530 -1.336300 0.000000 0.000000 0.000000 1.000000
0.998633 0.011771 0.050920 0.000000 -0.002259 0.983115 -0.182977 7.463500 -0.052214 0.182612 0.981798 -1.336300 0.000000 0.000000 0.000000 1.000000
0.998858 0.007455 0.047203 0.000000 0.000920 0.984576 -0.174953 7.463500 -0.047779 0.174796 0.983445 -1.336300 0.000000 0.000000 0.000000 1.000000
0.998926 0.003397 0.046219 0.000000 0.004307 0.986186 -0.165587 7.463500 -0.046143 0.165608 0.985112 -1.336300 0.000000 0.000000 0.000000 1.000000
0.998954 -0.001485 0.045700 0.000000 0.008845 0.986870 -0.161277 7.463500 -0.044860 0.161513 0.985851 -1.336300 0.000000 0.000000 0.000000 1.000000
0.998996 -0.006030 0.044385 -0.000000 0.013195 0.986542 -0.162973 7.463500 -0.042805 0.163395 0.985632 -1.336300 0.000000 0.000000 0.000000 1.000000
0.999040 -0.010441 0.042542 0.000000 0.017469 0.985576 -0.168329 7.463500 -0.040171 0.168910 0.984812 -1.336300 0.000000 0.000000 0.000000 1.000000
0.999019 -0.013876 0.042063 0.000000 0.020999 0.984533 -0.173938 7.463500 -0.038999 0.174650 0.983858 -1.336300 0.000000 0.000000 0.000000 1.000000
0.998966 -0.011743 0.043922 0.000000 0.019244 0.984473 -0.174478 7.463500 -0.041191 0.175143 0.983681 -1.336300 0.000000 0.000000 0.000000 1.000000
0.998956 -0.013796 0.043540 0.000000 0.021423 0.983452 -0.179900 7.463500 -0.040338 0.180645 0.982721 -1.336300 0.000000 0.000000 0.000000 1.000000
0.998999 -0.022357 0.038736 0.000000 0.029324 0.981371 -0.189873 7.463500 -0.033770 0.190819 0.981044 -1.336300 0.000000 0.000000 0.000000 1.000000
0.998867 -0.028662 0.038002 0.000000 0.035220 0.982103 -0.185023 7.463500 -0.032019 0.186152 0.981999 -1.336300 0.000000 0.000000 0.000000 1.000000
0.998779 -0.032412 0.037289 0.000000 0.038302 0.984704 -0.169974 7.463500 -0.031210 0.171195 0.984743 -1.336300 0.000000 0.000000 0.000000 1.000000
0.998715 -0.038381 0.033100 0.000000 0.042973 0.987518 -0.151530 7.463500 -0.026871 0.152758 0.987898 -1.336300 0.000000 0.000000 0.000000 1.000000
0.998463 -0.046732 0.029795 0.000000 0.050253 0.990089 -0.131139 7.463500 -0.023371 0.132435 0.990916 -1.336300 0.000000 0.000000 0.000000 1.000000
0.998137 -0.053295 0.029692 0.000000 0.056286 0.992204 -0.111187 7.463500 -0.023535 0.112651 0.993356 -1.336300 0.000000 0.000000 0.000000 1.000000
0.997997 -0.055107 0.031084 -0.000000 0.057836 0.993787 -0.095086 7.463500 -0.025651 0.096694 0.994984 -1.336300 0.000000 0.000000 0.000000 1.000000
0.997830 -0.057310 0.032431 0.000000 0.059760 0.994966 -0.080443 7.463500 -0.027657 0.082206 0.996232 -1.336300 0.000000 0.000000 0.000000 1.000000
0.997504 -0.062097 0.033608 -0.000000 0.064134 0.995927 -0.063381 7.463500 -0.029536 0.065378 0.997423 -1.336300 0.000000 0.000000 0.000000 1.000000
0.997242 -0.064306 0.037046 -0.000000 0.066003 0.996731 -0.046585 7.463500 -0.033929 0.048902 0.998227 -1.336300 0.000000 0.000000 0.000000 1.000000
0.997035 -0.064427 0.042083 -0.000000 0.065890 0.997235 -0.034354 7.463500 -0.039753 0.037025 0.998523 -1.336300 0.000000 0.000000 0.000000 1.000000
0.996845 -0.063718 0.047330 0.000000 0.065165 0.997433 -0.029684 7.463500 -0.045317 0.032674 0.998438 -1.336300 0.000000 0.000000 0.000000 1.000000
0.996749 -0.062148 0.051283 0.000000 0.063842 0.997445 -0.032072 7.463500 -0.049159 0.035242 0.998169 -1.336300 0.000000 0.000000 0.000000 1.000000
0.996768 -0.060605 0.052739 0.000000 0.062605 0.997347 -0.037136 7.463500 -0.050348 0.040318 0.997918 -1.336300 0.000000 0.000000 0.000000 1.000000
0.996887 -0.057679 0.053758 0.000000 0.059977 0.997309 -0.042167 7.463500 -0.051181 0.045260 0.997663 -1.336300 0.000000 0.000000 0.000000 1.000000
0.996998 -0.053998 0.055498 -0.000000 0.056622 0.997296 -0.046851 7.463500 -0.052818 0.049853 0.997359 -1.336300 0.000000 0.000000 0.000000 1.000000
0.996944 -0.051257 0.058960 0.000000 0.054313 0.997197 -0.051459 7.463500 -0.056157 0.054504 0.996933 -1.336300 0.000000 0.000000 0.000000 1.000000
0.996914 -0.047570 0.062448 -0.000000 0.051121 0.997090 -0.056556 7.463500 -0.059576 0.059574 0.996445 -1.336300 0.000000 0.000000 0.000000 1.000000
0.996856 -0.043384 0.066297 -0.000000 0.047424 0.997033 -0.060634 7.463500 -0.063470 0.063588 0.995956 -1.336300 0.000000 0.000000 0.000000 1.000000
0.996509 -0.039810 0.073384 0.000000 0.044494 0.996999 -0.063349 7.463500 -0.070642 0.066393 0.995290 -1.336300 0.000000 0.000000 0.000000 1.000000
0.996218 -0.034360 0.079805 0.000000 0.039730 0.996981 -0.066708 7.463500 -0.077272 0.069626 0.994576 -1.336300 0.000000 0.000000 0.000000 1.000000
0.995853 -0.030667 0.085653 0.000000 0.036613 0.996963 -0.068727 7.463500 -0.083285 0.071578 0.993952 -1.336300 0.000000 0.000000 0.000000 1.000000
0.995521 -0.028612 0.090108 0.000000 0.034930 0.996982 -0.069335 7.463500 -0.087852 0.072172 0.993516 -1.336300 0.000000 0.000000 0.000000 1.000000
0.995507 -0.025205 0.091272 -0.000000 0.031707 0.997008 -0.070502 7.463500 -0.089222 0.073079 0.993327 -1.336300 0.000000 0.000000 0.000000 1.000000
0.995671 -0.021470 0.090431 0.000000 0.028071 0.996983 -0.072362 7.463500 -0.088605 0.074588 0.993270 -1.336300 0.000000 0.000000 0.000000 1.000000
0.995714 -0.018329 0.090653 0.000000 0.025109 0.996926 -0.074217 7.463500 -0.089014 0.076175 0.993113 -1.336300 0.000000 0.000000 0.000000 1.000000
0.995750 -0.017062 0.090504 0.000000 0.023925 0.996874 -0.075297 7.463500 -0.088936 0.077142 0.993046 -1.336300 0.000000 0.000000 0.000000 1.000000
0.995871 -0.017720 0.089030 0.000000 0.024538 0.996799 -0.076084 7.463500 -0.087397 0.077954 0.993119 -1.336300 0.000000 0.000000 0.000000 1.000000
0.996132 -0.017028 0.086207 0.000000 0.023791 0.996666 -0.078048 7.463500 -0.084590 0.079797 0.993215 -1.336300 0.000000 0.000000 0.000000 1.000000
0.996388 -0.015606 0.083470 0.000000 0.022250 0.996605 -0.079268 7.463500 -0.081950 0.080838 0.993353 -1.336300 0.000000 0.000000 0.000000 1.000000
0.996493 -0.014655 0.082384 0.000000 0.021213 0.996625 -0.079298 7.463500 -0.080944 0.080767 0.993441 -1.336300 0.000000 0.000000 0.000000 1.000000
0.996631 -0.013783 0.080854 -0.000000 0.020254 0.996608 -0.079763 7.463500 -0.079480 0.081132 0.993529 -1.336300 0.000000 0.000000 0.000000 1.000000
0.996893 -0.014017 0.077511 0.000000 0.020279 0.996540 -0.080598 7.463500 -0.076113 0.081919 0.993728 -1.336300 0.000000 0.000000 0.000000 1.000000
0.997106 -0.014696 0.074587 0.000000 0.020741 0.996503 -0.080942 7.463500 -0.073137 0.082255 0.993924 -1.336300 0.000000 0.000000 0.000000 1.000000
0.997167 -0.014337 0.073844 0.000000 0.020271 0.996569 -0.080241 7.463500 -0.072440 0.081510 0.994036 -1.336300 0.000000 0.000000 0.000000 1.000000
0.997133 -0.013372 0.074476 0.000000 0.019205 0.996756 -0.078164 7.463500 -0.073190 0.079370 0.994155 -1.336300 0.000000 0.000000 0.000000 1.000000
0.996994 -0.012731 0.076422 0.000000 0.018553 0.996938 -0.075957 7.463500 -0.075221 0.077147 0.994178 -1.336300 0.000000 0.000000 0.000000 1.000000
0.996895 -0.012909 0.077672 -0.000000 0.018731 0.997031 -0.074694 7.463500 -0.076477 0.075917 0.994177 -1.336300 0.000000 0.000000 0.000000 1.000000
0.996855 -0.013515 0.078087 -0.000000 0.019263 0.997122 -0.073324 7.463500 -0.076871 0.074598 0.994246 -1.336300 0.000000 0.000000 0.000000 1.000000
0.996726 -0.013930 0.079644 0.000000 0.019677 0.997222 -0.071836 7.463500 -0.078422 0.073168 0.994232 -1.336300 0.000000 0.000000 0.000000 1.000000
0.996577 -0.014757 0.081339 0.000000 0.020496 0.997324 -0.070175 7.463500 -0.080086 0.071602 0.994213 -1.336300 0.000000 0.000000 0.000000 1.000000
0.996580 -0.015114 0.081234 0.000000 0.020763 0.997390 -0.069158 7.463500 -0.079976 0.070608 0.994293 -1.336300 0.000000 0.000000 0.000000 1.000000
0.996656 -0.016018 0.080125 -0.000000 0.021565 0.997394 -0.068846 7.463500 -0.078813 0.070343 0.994405 -1.336300 0.000000 0.000000 0.000000 1.000000
0.996783 -0.019241 0.077805 0.000000 0.024510 0.997429 -0.067336 7.463500 -0.076309 0.069027 0.994692 -1.336300 0.000000 0.000000 0.000000 1.000000
0.996940 -0.022786 0.074776 -0.000000 0.027714 0.997465 -0.065537 7.463500 -0.073093 0.067409 0.995044 -1.336300 0.000000 0.000000 0.000000 1.000000
0.996998 -0.024749 0.073367 0.000000 0.029522 0.997468 -0.064700 7.463500 -0.071580 0.066672 0.995204 -1.336300 0.000000 0.000000 0.000000 1.000000
0.997005 -0.027699 0.072208 -0.000000 0.032229 0.997534 -0.062342 7.463500 -0.070303 0.064483 0.995439 -1.336300 0.000000 0.000000 0.000000 1.000000
0.997135 -0.031848 0.068611 0.000000 0.035939 0.997596 -0.059245 7.463500 -0.066559 0.061541 0.995883 -1.336300 0.000000 0.000000 0.000000 1.000000
0.997375 -0.036653 0.062449 0.000000 0.040302 0.997491 -0.058202 7.463500 -0.060159 0.060566 0.996350 -1.336300 0.000000 0.000000 0.000000 1.000000
0.997553 -0.043342 0.054851 -0.000000 0.046440 0.997321 -0.056524 7.463500 -0.052254 0.058933 0.996893 -1.336300 0.000000 0.000000 0.000000 1.000000
0.997626 -0.050614 0.046707 0.000000 0.053129 0.997111 -0.054278 7.463500 -0.043825 0.056631 0.997433 -1.336300 0.000000 0.000000 0.000000 1.000000
0.997550 -0.058860 0.037805 0.000000 0.060770 0.996820 -0.051541 7.463500 -0.034651 0.053712 0.997955 -1.336300 0.000000 0.000000 0.000000 1.000000
0.997327 -0.067287 0.028497 -0.000000 0.068568 0.996555 -0.046649 7.463500 -0.025260 0.048478 0.998505 -1.336300 0.000000 0.000000 0.000000 1.000000
0.996959 -0.074644 0.022402 0.000000 0.075549 0.996227 -0.042713 7.463500 -0.019129 0.044276 0.998836 -1.336300 0.000000 0.000000 0.000000 1.000000
0.996700 -0.078719 0.019801 -0.000000 0.079538 0.995831 -0.044664 7.463500 -0.016202 0.046091 0.998806 -1.336300 0.000000 0.000000 0.000000 1.000000
0.996873 -0.076758 0.018793 0.000000 0.077643 0.995622 -0.052035 7.463500 -0.014717 0.053332 0.998468 -1.336300 0.000000 0.000000 0.000000 1.000000
0.997348 -0.070584 0.017722 0.000000 0.071564 0.995469 -0.062609 7.463500 -0.013223 0.063712 0.997881 -1.336300 0.000000 0.000000 0.000000 1.000000
0.997936 -0.062012 0.016659 0.000000 0.063101 0.995133 -0.075683 7.463500 -0.011885 0.076578 0.996993 -1.336300 0.000000 0.000000 0.000000 1.000000
0.998558 -0.051364 0.015597 0.000000 0.052580 0.994421 -0.091447 7.463500 -0.010813 0.092136 0.995688 -1.336300 0.000000 0.000000 0.000000 1.000000
0.999013 -0.041473 0.015914 0.000000 0.042939 0.993358 -0.106752 7.463500 -0.011381 0.107330 0.994158 -1.336300 0.000000 0.000000 0.000000 1.000000
0.999212 -0.034677 0.019321 0.000000 0.036728 0.992276 -0.118491 7.463500 -0.015063 0.119107 0.992767 -1.336300 0.000000 0.000000 0.000000 1.000000
0.999270 -0.028361 0.025603 0.000000 0.031419 0.991244 -0.128254 7.463500 -0.021742 0.128965 0.991411 -1.336300 0.000000 0.000000 0.000000 1.000000
0.999270 -0.019823 0.032661 0.000000 0.024131 0.990237 -0.137291 7.463500 -0.029620 0.137979 0.989992 -1.336300 0.000000 0.000000 0.000000 1.000000
0.999182 -0.011258 0.038838 0.000000 0.016709 0.989578 -0.143022 7.463500 -0.036823 0.143554 0.988957 -1.336300 0.000000 0.000000 0.000000 1.000000
0.998931 -0.004761 0.045973 0.000000 0.011418 0.989273 -0.145633 7.463500 -0.044786 0.146002 0.988270 -1.336300 0.000000 0.000000 0.000000 1.000000
0.998630 0.000826 0.052318 0.000000 0.007051 0.988631 -0.150200 7.463500 -0.051847 0.150363 0.987270 -1.336300 0.000000 0.000000 0.000000 1.000000
0.998488 0.005539 0.054699 0.000000 0.003176 0.987437 -0.157980 7.463500 -0.054887 0.157915 0.985926 -1.336300 0.000000 0.000000 0.000000 1.000000
0.998378 0.009482 0.056134 0.000000 0.000079 0.985799 -0.167932 7.463500 -0.056929 0.167664 0.984199 -1.336300 0.000000 0.000000 0.000000 1.000000
0.998263 0.013880 0.057252 -0.000000 -0.003405 0.983816 -0.179151 7.463500 -0.058812 0.178645 0.982154 -1.336300 0.000000 0.000000 0.000000 1.000000
0.998185 0.018828 0.057212 0.000000 -0.007654 0.981836 -0.189579 7.463500 -0.059742 0.188797 0.980197 -1.336300 0.000000 0.000000 0.000000 1.000000
0.998141 0.021872 0.056896 0.000000 -0.010226 0.980262 -0.197436 7.463500 -0.060091 0.196487 0.978663 -1.336300 0.000000 0.000000 0.000000 1.000000
0.998221 0.022195 0.055329 0.000000 -0.010504 0.979071 -0.203248 7.463500 -0.058682 0.202305 0.977563 -1.336300 0.000000 0.000000 0.000000 1.000000
0.998331 0.021233 0.053716 0.000000 -0.009687 0.978359 -0.206686 7.463500 -0.056942 0.205821 0.976932 -1.336300 0.000000 0.000000 0.000000 1.000000</float_array><technique_common><accessor source="#mixamorig_Spine-Matrix-animation-output-transform-array" count="86" stride="16"><param type="float4x4"/></accessor></technique_common></source><source id="mixamorig_Spine-Interpolations"><Name_array id="mixamorig_Spine-Interpolations-array" count="86">
 LINEAR LINEAR LINEAR LINEAR LINEAR LINEAR LINEAR LINEAR LINEAR LINEAR LINEAR
LINEAR LINEAR LINEAR LINEAR LINEAR LINEAR LINEAR LINEAR LINEAR LINEAR LINEAR LINEAR
LINEAR LINEAR LINEAR LINEAR LINEAR LINEAR LINEAR LINEAR LINEAR LINEAR LINEAR LINEAR
LINEAR LINEAR LINEAR LINEAR LINEAR LINEAR LINEAR LINEAR LINEAR LINEAR LINEAR LINEAR
LINEAR LINEAR LINEAR LINEAR LINEAR LINEAR LINEAR LINEAR LINEAR LINEAR LINEAR LINEAR
LINEAR LINEAR LINEAR LINEAR LINEAR LINEAR LINEAR LINEAR LINEAR LINEAR LINEAR LINEAR
LINEAR LINEAR LINEAR LINEAR LINEAR LINEAR LINEAR LINEAR LINEAR LINEAR LINEAR LINEAR
LINEAR LINEAR LINEAR</Name_array><technique_common><accessor source="#mixamorig_Spine-Interpolations-array" count="86"><param type="name"/></accessor></technique_common></source><sampler id="mixamorig_Spine-Matrix-animation-transform"><input semantic="INPUT" source="#mixamorig_Spine-Matrix-animation-input"/><input semantic="OUTPUT" source="#mixamorig_Spine-Matrix-animation-output-transform"/><input semantic="INTERPOLATION" source="#mixamorig_Spine-Interpolations"/></sampler><channel source="#mixamorig_Spine-Matrix-animation-transform" target="mixamorig_Spine/matrix"/></animation>
    <animation id="mixamorig_Spine1-anim" name="mixamorig_Spine1"><source id="mixamorig_Spine1-Matrix-animation-input"><float_array id="mixamorig_Spine1-Matrix-animation-input-array" count="86">

0.000000 0.033333 0.066667 0.100000 0.133333 0.166667 0.200000 0.233333 0.266667 0.300000 0.333333 0.366667 0.400000 0.433333 0.466667 0.500000
0.533333 0.566667 0.600000 0.633333 0.666667 0.700000 0.733333 0.766667 0.800000 0.833333 0.866667 0.900000 0.933333 0.966667 1.000000 1.033333
1.066667 1.100000 1.133333 1.166667 1.200000 1.233333 1.266667 1.300000 1.333333 1.366667 1.400000 1.433333 1.466667 1.500000 1.533333 1.566667
1.600000 1.633333 1.666667 1.700000 1.733333 1.766667 1.800000 1.833333 1.866667 1.900000 1.933333 1.966667 2.000000 2.033333 2.066667 2.100000
2.133333 2.166667 2.200000 2.233333 2.266667 2.300000 2.333333 2.366667 2.400000 2.433333 2.466667 2.500000 2.533333 2.566667 2.600000 2.633333
2.666667 2.700000 2.733333 2.766667 2.800000 2.833333</float_array><technique_common><accessor source="#mixamorig_Spine1-Matrix-animation-input-array" count="86"><param name="TIME" type="float"/></accessor></technique_common></source><source id="mixamorig_Spine1-Matrix-animation-output-transform"><float_array id="mixamorig_Spine1-Matrix-animation-output-transform-array" count="1376">

0.999714 0.020359 0.012579 0.000000 -0.020229 0.999741 -0.010405 8.845900 -0.012787 0.010148 0.999867 0.000000 0.000000 0.000000 0.000000 1.000000
0.999717 0.020328 0.012347 -0.000000 -0.020188 0.999732 -0.011353 8.845900 -0.012575 0.011101 0.999859 0.000000 0.000000 0.000000 0.000000 1.000000
0.999722 0.020153 0.012200 0.000000 -0.020012 0.999732 -0.011596 8.845900 -0.012430 0.011349 0.999858 0.000000 0.000000 0.000000 0.000000 1.000000
0.999737 0.019492 0.012086 0.000000 -0.019356 0.999749 -0.011270 8.845900 -0.012303 0.011033 0.999863 0.000000 0.000000 0.000000 0.000000 1.000000
0.999766 0.018308 0.011562 0.000000 -0.018193 0.999784 -0.010011 8.845900 -0.011743 0.009799 0.999883 0.000000 0.000000 0.000000 0.000000 1.000000
0.999771 0.018313 0.011044 0.000000 -0.018246 0.999815 -0.006147 8.845900 -0.011155 0.005944 0.999920 0.000000 0.000000 0.000000 0.000000 1.000000
0.999797 0.017127 0.010586 0.000000 -0.017065 0.999836 -0.005984 8.845900 -0.010686 0.005802 0.999926 0.000000 0.000000 0.000000 0.000000 1.000000
0.999810 0.016525 0.010344 0.000000 -0.016451 0.999839 -0.007166 8.845900 -0.010461 0.006994 0.999921 0.000000 0.000000 0.000000 0.000000 1.000000
0.999817 0.016264 0.010102 -0.000000 -0.016185 0.999838 -0.007817 8.845900 -0.010227 0.007652 0.999918 0.000000 0.000000 0.000000 0.000000 1.000000
0.999821 0.016162 0.009837 0.000000 -0.016076 0.999832 -0.008754 8.845900 -0.009976 0.008595 0.999913 0.000000 0.000000 0.000000 0.000000 1.000000
0.999826 0.015893 0.009718 0.000000 -0.015782 0.999810 -0.011440 8.845900 -0.009898 0.011284 0.999887 0.000000 0.000000 0.000000 0.000000 1.000000
0.999836 0.015227 0.009797 0.000000 -0.015070 0.999759 -0.015936 8.845900 -0.010037 0.015786 0.999825 0.000000 0.000000 0.000000 0.000000 1.000000
0.999860 0.013806 0.009418 0.000000 -0.013654 0.999778 -0.016046 8.845900 -0.009638 0.015915 0.999827 0.000000 0.000000 0.000000 0.000000 1.000000
0.999902 0.011368 0.008207 -0.000000 -0.011263 0.999856 -0.012711 8.845900 -0.008350 0.012618 0.999886 0.000000 0.000000 0.000000 0.000000 1.000000
0.999905 0.011185 0.008049 0.000000 -0.011081 0.999855 -0.012929 8.845900 -0.008192 0.012839 0.999884 0.000000 0.000000 0.000000 0.000000 1.000000
0.999915 0.010456 0.007759 0.000000 -0.010347 0.999850 -0.013900 8.845900 -0.007904 0.013819 0.999873 0.000000 0.000000 0.000000 0.000000 1.000000
0.999934 0.009206 0.006902 0.000000 -0.009101 0.999843 -0.015198 8.845900 -0.007041 0.015134 0.999861 0.000000 0.000000 0.000000 0.000000 1.000000
0.999926 0.010161 0.006713 0.000000 -0.010045 0.999802 -0.017160 8.845900 -0.006886 0.017091 0.999830 0.000000 0.000000 0.000000 0.000000 1.000000
0.999931 0.009699 0.006685 0.000000 -0.009576 0.999790 -0.018124 8.845900 -0.006859 0.018059 0.999813 -0.000000 0.000000 0.000000 0.000000 1.000000
0.999945 0.008102 0.006587 0.000000 -0.007984 0.999813 -0.017611 8.845900 -0.006729 0.017557 0.999823 0.000000 0.000000 0.000000 0.000000 1.000000
0.999942 0.008342 0.006879 0.000000 -0.008225 0.999825 -0.016810 8.845900 -0.007018 0.016753 0.999835 -0.000000 0.000000 0.000000 0.000000 1.000000
0.999910 0.010996 0.007701 -0.000000 -0.010869 0.999807 -0.016395 8.845900 -0.007880 0.016310 0.999836 0.000000 0.000000 0.000000 0.000000 1.000000
0.999873 0.013332 0.008734 -0.000000 -0.013193 0.999788 -0.015832 8.845900 -0.008944 0.015715 0.999837 0.000000 0.000000 0.000000 0.000000 1.000000
0.999837 0.015126 0.009819 -0.000000 -0.014976 0.999772 -0.015209 8.845900 -0.010047 0.015059 0.999836 0.000000 0.000000 0.000000 0.000000 1.000000
0.999792 0.017220 0.010961 0.000000 -0.017057 0.999744 -0.014835 8.845900 -0.011213 0.014645 0.999830 0.000000 0.000000 0.000000 0.000000 1.000000
0.999739 0.019487 0.011959 0.000000 -0.019307 0.999702 -0.014949 8.845900 -0.012247 0.014714 0.999817 0.000000 0.000000 0.000000 0.000000 1.000000
0.999681 0.021857 0.012641 -0.000000 -0.021659 0.999643 -0.015636 8.845900 -0.012978 0.015357 0.999798 0.000000 0.000000 0.000000 0.000000 1.000000
0.999667 0.022364 0.012866 0.000000 -0.022159 0.999628 -0.015885 8.845900 -0.013216 0.015595 0.999791 0.000000 0.000000 0.000000 0.000000 1.000000
0.999686 0.021489 0.012896 0.000000 -0.021287 0.999651 -0.015617 8.845900 -0.013227 0.015337 0.999795 0.000000 0.000000 0.000000 0.000000 1.000000
0.999677 0.021608 0.013372 0.000000 -0.021398 0.999649 -0.015589 8.845900 -0.013704 0.015297 0.999789 0.000000 0.000000 0.000000 0.000000 1.000000
0.999653 0.022310 0.013971 0.000000 -0.022091 0.999634 -0.015629 8.845900 -0.014315 0.015315 0.999780 0.000000 0.000000 0.000000 0.000000 1.000000
0.999634 0.022794 0.014555 0.000000 -0.022558 0.999615 -0.016173 8.845900 -0.014918 0.015838 0.999763 -0.000000 0.000000 0.000000 0.000000 1.000000
0.999633 0.022323 0.015374 0.000000 -0.022065 0.999616 -0.016740 8.845900 -0.015742 0.016394 0.999742 0.000000 0.000000 0.000000 0.000000 1.000000
0.999630 0.021911 0.016103 0.000000 -0.021629 0.999614 -0.017439 8.845900 -0.016479 0.017085 0.999718 0.000000 0.000000 0.000000 0.000000 1.000000
0.999621 0.021779 0.016820 0.000000 -0.021465 0.999596 -0.018654 8.845900 -0.017220 0.018286 0.999684 0.000000 0.000000 0.000000 0.000000 1.000000
0.999624 0.021316 0.017270 -0.000000 -0.020975 0.999586 -0.019703 8.845900 -0.017683 0.019333 0.999657 0.000000 0.000000 0.000000 0.000000 1.000000
0.999645 0.020394 0.017172 0.000000 -0.020051 0.999601 -0.019902 8.845900 -0.017571 0.019551 0.999654 0.000000 0.000000 0.000000 0.000000 1.000000
0.999676 0.019172 0.016749 -0.000000 -0.018836 0.999623 -0.019999 8.845900 -0.017126 0.019677 0.999660 0.000000 0.000000 0.000000 0.000000 1.000000
0.999706 0.017829 0.016453 -0.000000 -0.017500 0.999649 -0.019907 8.845900 -0.016802 0.019613 0.999666 0.000000 0.000000 0.000000 0.000000 1.000000
0.999723 0.017038 0.016242 0.000000 -0.016723 0.999673 -0.019334 8.845900 -0.016566 0.019057 0.999681 0.000000 0.000000 0.000000 0.000000 1.000000
0.999731 0.016802 0.015991 0.000000 -0.016498 0.999684 -0.018957 8.845900 -0.016305 0.018688 0.999692 0.000000 0.000000 0.000000 0.000000 1.000000
0.999744 0.016451 0.015521 0.000000 -0.016157 0.999692 -0.018837 8.845900 -0.015827 0.018582 0.999702 0.000000 0.000000 0.000000 0.000000 1.000000
0.999761 0.015876 0.015005 0.000000 -0.015597 0.999707 -0.018503 8.845900 -0.015294 0.018265 0.999716 0.000000 0.000000 0.000000 0.000000 1.000000
0.999782 0.014909 0.014626 0.000000 -0.014645 0.999730 -0.018029 8.845900 -0.014891 0.017811 0.999730 0.000000 0.000000 0.000000 0.000000 1.000000
0.999804 0.013847 0.014167 0.000000 -0.013590 0.999744 -0.018106 8.845900 -0.014414 0.017910 0.999736 0.000000 0.000000 0.000000 0.000000 1.000000
0.999820 0.013220 0.013582 -0.000000 -0.012976 0.999755 -0.017915 8.845900 -0.013815 0.017736 0.999747 0.000000 0.000000 0.000000 0.000000 1.000000
0.999823 0.013381 0.013236 -0.000000 -0.013150 0.999763 -0.017337 8.845900 -0.013465 0.017160 0.999762 0.000000 0.000000 0.000000 0.000000 1.000000
0.999812 0.014100 0.013291 -0.000000 -0.013870 0.999755 -0.017251 8.845900 -0.013531 0.017063 0.999763 0.000000 0.000000 0.000000 0.000000 1.000000
