<?xml version="1.0" encoding="utf-8"?>
<COLLADA xmlns="http://www.collada.org/2005/11/COLLADASchema" version="1.4.1">
  <asset><contributor><author>Mixamo</author><authoring_tool>COLLADA Mixamo exporter</authoring_tool><comments></comments></contributor><created>2020-12-04T01:56:17Z</created><modified>2020-12-04T01:56:17Z</modified><revision></revision><title></title><unit meter="0.010000"/><up_axis>Y_UP</up_axis></asset>
  <library_animations>
    <animation id="mixamorig_Hips-anim" name="mixamorig_Hips"><source id="mixamorig_Hips-Matrix-animation-input"><float_array id="mixamorig_Hips-Matrix-animation-input-array" count="209">

0.000000 0.033333 0.066667 0.100000 0.133333 0.166667 0.200000 0.233333 0.266667 0.300000 0.333333 0.366667 0.400000 0.433333 0.466667 0.500000
0.533333 0.566667 0.600000 0.633333 0.666667 0.700000 0.733333 0.766667 0.800000 0.833333 0.866667 0.900000 0.933333 0.966667 1.000000 1.033333
1.066667 1.100000 1.133333 1.166667 1.200000 1.233333 1.266667 1.300000 1.333333 1.366667 1.400000 1.433333 1.466667 1.500000 1.533333 1.566667
1.600000 1.633333 1.666667 1.700000 1.733333 1.766667 1.800000 1.833333 1.866667 1.900000 1.933333 1.966667 2.000000 2.033333 2.066667 2.100000
2.133333 2.166667 2.200000 2.233333 2.266667 2.300000 2.333333 2.366667 2.400000 2.433333 2.466667 2.500000 2.533333 2.566667 2.600000 2.633333
2.666667 2.700000 2.733333 2.766667 2.800000 2.833333 2.866667 2.900000 2.933333 2.966667 3.000000 3.033333 3.066667 3.100000 3.133333 3.166667
3.200000 3.233333 3.266667 3.300000 3.333333 3.366667 3.400000 3.433333 3.466667 3.500000 3.533333 3.566667 3.600000 3.633333 3.666667 3.700000
3.733333 3.766667 3.800000 3.833333 3.866667 3.900000 3.933333 3.966667 4.000000 4.033333 4.066667 4.100000 4.133333 4.166667 4.200000 4.233333
4.266667 4.300000 4.333333 4.366667 4.400000 4.433333 4.466667 4.500000 4.533333 4.566667 4.600000 4.633333 4.666667 4.700000 4.733333 4.766667
4.800000 4.833333 4.866667 4.900000 4.933333 4.966667 5.000000 5.033333 5.066667 5.100000 5.133333 5.166667 5.200000 5.233333 5.266667 5.300000
5.333333 5.366667 5.400000 5.433333 5.466667 5.500000 5.533333 5.566667 5.600000 5.633333 5.666667 5.700000 5.733333 5.766667 5.800000 5.833333
5.866667 5.900000 5.933333 5.966667 6.000000 6.033333 6.066667 6.100000 6.133333 6.166667 6.200000 6.233333 6.266667 6.300000 6.333333 6.366667
6.400000 6.433333 6.466667 6.500000 6.533333 6.566667 6.600000 6.633333 6.666667 6.700000 6.733333 6.766667 6.800000 6.833333 6.866667 6.900000
6.933333</float_array><technique_common><accessor source="#mixamorig_Hips-Matrix-animation-input-array" count="209"><param name="TIME" type="float"/></accessor></technique_common></source><source id="mixamorig_Hips-Matrix-animation-output-transform"><float_array id="mixamorig_Hips-Matrix-animation-output-transform-array" count="3344">

0.946002 -0.002141 -0.324154 0.589106 -0.063747 0.979223 -0.192506 88.313126 0.317832 0.202775 0.926210 -1.524494 0.000000 0.000000 0.000000 1.000000
0.950058 0.001923 -0.312068 0.630358 -0.060566 0.982104 -0.178336 88.310104 0.306141 0.188331 0.933172 -0.865326 0.000000 0.000000 0.000000 1.000000
0.955972 0.006808 -0.293378 0.636180 -0.056420 0.985344 -0.160978 88.268700 0.287982 0.170443 0.942346 0.070898 0.000000 0.000000 0.000000 1.000000
0.963237 0.012380 -0.268366 0.590856 -0.052092 0.988586 -0.141368 88.203636 0.263553 0.150151 0.952887 1.262350 0.000000 0.000000 0.000000 1.000000
0.971251 0.018600 -0.237332 0.496807 -0.048431 0.991533 -0.120488 88.117065 0.233081 0.128518 0.963928 2.747710 0.000000 0.000000 0.000000 1.000000
0.980665 0.026698 -0.193865 0.368429 -0.046344 0.994154 -0.097519 87.981361 0.190128 0.104617 0.976169 4.487843 0.000000 0.000000 0.000000 1.000000
0.991353 0.027276 -0.128357 0.152905 -0.036876 0.996648 -0.073021 87.676064 0.125935 0.077123 0.989036 6.445196 0.000000 0.000000 0.000000 1.000000
0.998526 0.011837 -0.052977 -0.222713 -0.014492 0.998643 -0.050026 87.096992 0.052313 0.050720 0.997342 8.600545 0.000000 0.000000 0.000000 1.000000
0.999679 -0.014245 0.020939 -0.735398 0.014957 0.999302 -0.034234 86.216263 -0.020436 0.034536 0.999194 10.905107 0.000000 0.000000 0.000000 1.000000
0.995441 -0.044823 0.084193 -1.344356 0.046976 0.998613 -0.023765 85.034988 -0.083011 0.027612 0.996166 13.223798 0.000000 0.000000 0.000000 1.000000
0.988945 -0.073724 0.128655 -1.972520 0.077117 0.996788 -0.021592 83.570038 -0.126650 0.031275 0.991454 15.503559 0.000000 0.000000 0.000000 1.000000
0.980437 -0.106953 0.165238 -2.581805 0.110754 0.993750 -0.013940 81.785797 -0.162714 0.031968 0.986155 17.722704 0.000000 0.000000 0.000000 1.000000
0.968742 -0.141667 0.203641 -3.131714 0.141534 0.989815 0.015291 79.688301 -0.203734 0.014009 0.978926 19.881546 0.000000 0.000000 0.000000 1.000000
0.953891 -0.165063 0.250690 -3.699367 0.159110 0.986281 0.043978 77.510735 -0.254509 -0.002063 0.967068 22.021540 0.000000 0.000000 0.000000 1.000000
0.933997 -0.184338 0.306054 -4.293796 0.175184 0.982863 0.057368 75.242844 -0.311384 0.000034 0.950284 24.109167 0.000000 0.000000 0.000000 1.000000
0.910153 -0.203116 0.361061 -4.736509 0.197217 0.978897 0.053541 72.747002 -0.364316 0.022477 0.931004 26.064579 0.000000 0.000000 0.000000 1.000000
0.891339 -0.217807 0.397586 -4.751934 0.223443 0.974167 0.032739 69.828629 -0.394446 0.059656 0.916981 27.776430 0.000000 0.000000 0.000000 1.000000
0.882721 -0.234729 0.407071 -4.279022 0.257839 0.966186 -0.001985 66.387802 -0.392840 0.106711 0.913394 29.110029 0.000000 0.000000 0.000000 1.000000
0.887282 -0.250244 0.387437 -3.326064 0.293511 0.954327 -0.055781 62.265999 -0.355783 0.163211 0.920207 30.055885 0.000000 0.000000 0.000000 1.000000
0.898328 -0.266967 0.348907 -2.101327 0.326071 0.937404 -0.122274 57.504215 -0.294424 0.223610 0.929146 30.822197 0.000000 0.000000 0.000000 1.000000
0.913688 -0.278500 0.295992 -0.814239 0.341532 0.920924 -0.187761 52.499695 -0.220295 0.272646 0.936555 31.616264 0.000000 0.000000 0.000000 1.000000
0.931901 -0.281851 0.228301 0.568722 0.337171 0.905170 -0.258810 47.989960 -0.133705 0.318161 0.938561 32.512341 0.000000 0.000000 0.000000 1.000000
0.933783 -0.308182 0.181858 2.018463 0.351927 0.882916 -0.310816 44.505569 -0.064777 0.354236 0.932910 33.216610 0.000000 0.000000 0.000000 1.000000
0.952288 -0.301735 0.045870 3.584552 0.292410 0.858954 -0.420352 42.251530 0.087435 0.413708 0.906201 34.089352 0.000000 0.000000 0.000000 1.000000
0.948894 -0.307889 -0.069309 5.067465 0.228490 0.821716 -0.522088 40.853584 0.217697 0.479570 0.850071 35.380341 0.000000 0.000000 0.000000 1.000000
0.935653 -0.331187 -0.121939 6.286969 0.195764 0.774522 -0.601491 39.827389 0.293650 0.538915 0.789519 37.291550 0.000000 0.000000 0.000000 1.000000
0.920689 -0.366622 -0.133868 7.027034 0.181271 0.705421 -0.685217 39.111015 0.345649 0.606605 0.715931 39.784134 0.000000 0.000000 0.000000 1.000000
0.902623 -0.407136 -0.139684 7.359473 0.164410 0.626025 -0.762275 38.756237 0.397795 0.665082 0.632002 42.669838 0.000000 0.000000 0.000000 1.000000
0.890980 -0.420726 -0.170715 7.697257 0.136542 0.606866 -0.782988 38.795994 0.433025 0.674317 0.598153 45.567570 0.000000 0.000000 0.000000 1.000000
0.872776 -0.452457 -0.183154 7.993129 0.118248 0.560028 -0.819991 38.933884 0.473582 0.694010 0.542282 48.507755 0.000000 0.000000 0.000000 1.000000
0.850777 -0.493256 -0.181318 8.309835 0.099916 0.490550 -0.865666 39.226395 0.515940 0.718372 0.466634 51.278137 0.000000 0.000000 0.000000 1.000000
0.831605 -0.529650 -0.167047 8.562437 0.084644 0.418149 -0.904426 39.646744 0.548880 0.737986 0.392566 53.647015 0.000000 0.000000 0.000000 1.000000
0.814314 -0.565903 -0.129022 8.577465 0.073970 0.321657 -0.943963 39.964226 0.575692 0.759138 0.303790 55.581135 0.000000 0.000000 0.000000 1.000000
0.799081 -0.597933 -0.062816 8.196949 0.081345 0.211041 -0.974087 40.139881 0.595696 0.773264 0.217278 57.125561 0.000000 0.000000 0.000000 1.000000
0.805345 -0.592753 -0.008005 7.511929 0.095001 0.142380 -0.985243 40.423195 0.585145 0.792699 0.170977 58.424652 0.000000 0.000000 0.000000 1.000000
0.811568 -0.582822 0.040934 6.658895 0.113071 0.087939 -0.989688 40.702465 0.573212 0.807827 0.137269 59.370079 0.000000 0.000000 0.000000 1.000000
0.810456 -0.582923 0.057980 5.915954 0.117652 0.065013 -0.990924 41.025742 0.573863 0.809922 0.121272 59.867294 0.000000 0.000000 0.000000 1.000000
0.801626 -0.596814 0.034763 5.378987 0.103471 0.081238 -0.991309 41.351608 0.588803 0.798257 0.126875 59.978325 0.000000 0.000000 0.000000 1.000000
0.789393 -0.612846 -0.035760 4.973655 0.072414 0.150803 -0.985908 41.644875 0.609602 0.775679 0.163422 59.834198 0.000000 0.000000 0.000000 1.000000
0.763585 -0.641580 -0.072896 4.471341 0.051315 0.172831 -0.983614 41.488079 0.643665 0.747332 0.164893 59.531921 0.000000 0.000000 0.000000 1.000000
0.738553 -0.667366 -0.095721 3.762594 0.047671 0.193316 -0.979978 41.250847 0.672508 0.719202 0.174588 59.201508 0.000000 0.000000 0.000000 1.000000
0.735498 -0.670967 -0.094051 2.934524 0.069124 0.212402 -0.974734 41.177769 0.673991 0.710414 0.202601 58.960430 0.000000 0.000000 0.000000 1.000000
0.745096 -0.663719 -0.065636 2.138189 0.098498 0.206836 -0.973405 41.297256 0.659644 0.718815 0.219488 58.735870 0.000000 0.000000 0.000000 1.000000
0.757220 -0.652092 -0.037331 1.616636 0.118477 0.193335 -0.973953 41.595524 0.642325 0.733074 0.223655 58.479725 0.000000 0.000000 0.000000 1.000000
0.756099 -0.653661 -0.032262 1.452565 0.124065 0.191561 -0.973608 41.865196 0.642590 0.732142 0.225935 58.115807 0.000000 0.000000 0.000000 1.000000
0.732893 -0.678469 -0.050467 1.540896 0.118427 0.200269 -0.972557 41.871178 0.669957 0.706804 0.227125 57.622551 0.000000 0.000000 0.000000 1.000000
0.705774 -0.703394 -0.084372 1.716187 0.101028 0.217811 -0.970748 41.652397 0.701196 0.676605 0.224788 57.154198 0.000000 0.000000 0.000000 1.000000
0.692777 -0.708834 -0.132720 1.782104 0.071907 0.251020 -0.965307 41.436222 0.717558 0.659199 0.224871 56.806107 0.000000 0.000000 0.000000 1.000000
0.690860 -0.706332 -0.154294 1.644705 0.053588 0.262852 -0.963347 41.256645 0.720999 0.657270 0.219445 56.551464 0.000000 0.000000 0.000000 1.000000
0.698762 -0.700982 -0.142673 1.365196 0.053579 0.250168 -0.966719 41.198700 0.713345 0.667862 0.212366 56.338276 0.000000 0.000000 0.000000 1.000000
0.713937 -0.691252 -0.111643 1.075008 0.068002 0.227136 -0.971486 41.299339 0.696900 0.685988 0.209167 56.162689 0.000000 0.000000 0.000000 1.000000
0.727316 -0.681831 -0.078216 0.873078 0.086986 0.204633 -0.974966 41.479347 0.680768 0.702305 0.208143 56.034893 0.000000 0.000000 0.000000 1.000000
0.731024 -0.679582 -0.061417 0.800875 0.096953 0.192541 -0.976488 41.601280 0.675429 0.707881 0.206640 55.975040 0.000000 0.000000 0.000000 1.000000
0.719312 -0.690561 -0.075604 0.801942 0.084872 0.195375 -0.977049 41.528400 0.689483 0.696386 0.199145 56.005848 0.000000 0.000000 0.000000 1.000000
0.694299 -0.708816 -0.124615 0.753917 0.050374 0.220591 -0.974065 41.286171 0.717921 0.670015 0.188862 56.147373 0.000000 0.000000 0.000000 1.000000
0.667014 -0.720079 -0.191254 0.601206 0.014939 0.269575 -0.962863 41.098969 0.744895 0.639386 0.190568 56.414940 0.000000 0.000000 0.000000 1.000000
0.653681 -0.713800 -0.251379 0.403656 -0.006818 0.326604 -0.945137 41.188366 0.756740 0.619532 0.208628 56.837025 0.000000 0.000000 0.000000 1.000000
0.657134 -0.706345 -0.263157 0.199835 0.008133 0.355744 -0.934548 41.438145 0.753730 0.611984 0.239516 57.353241 0.000000 0.000000 0.000000 1.000000
0.662280 -0.714754 -0.224749 -0.047908 0.058696 0.348534 -0.935456 41.700497 0.746953 0.606343 0.272781 57.791420 0.000000 0.000000 0.000000 1.000000
0.657592 -0.733064 -0.173753 -0.356934 0.123148 0.332124 -0.935162 42.084362 0.743241 0.593557 0.308678 57.961586 0.000000 0.000000 0.000000 1.000000
0.658127 -0.737166 -0.153154 -0.673680 0.158914 0.334839 -0.928778 42.692417 0.735945 0.586915 0.337513 57.883621 0.000000 0.000000 0.000000 1.000000
0.673387 -0.717909 -0.176514 -0.923387 0.144862 0.362265 -0.920749 43.325272 0.724959 0.594450 0.347942 57.698410 0.000000 0.000000 0.000000 1.000000
0.685707 -0.693174 -0.222072 -1.071116 0.108954 0.399405 -0.910277 43.705444 0.719677 0.599988 0.349399 57.484943 0.000000 0.000000 0.000000 1.000000
0.691728 -0.670163 -0.269062 -1.067168 0.084598 0.445213 -0.891419 43.841007 0.717186 0.593857 0.364661 57.267666 0.000000 0.000000 0.000000 1.000000
0.696226 -0.655666 -0.292185 -0.914473 0.092338 0.485465 -0.869366 43.861435 0.711859 0.578295 0.398536 57.071346 0.000000 0.000000 0.000000 1.000000
0.702775 -0.653167 -0.281922 -0.637007 0.124070 0.502740 -0.855488 43.834988 0.700510 0.566237 0.434351 56.930546 0.000000 0.000000 0.000000 1.000000
0.710990 -0.662789 -0.234956 -0.338191 0.161565 0.479150 -0.862735 43.749802 0.684390 0.575435 0.447754 56.913460 0.000000 0.000000 0.000000 1.000000
0.725020 -0.664330 -0.181691 -0.108235 0.181416 0.438700 -0.880131 43.718124 0.664405 0.605151 0.438586 57.028793 0.000000 0.000000 0.000000 1.000000
0.725086 -0.679243 -0.113490 -0.207205 0.187846 0.353627 -0.916330 43.571106 0.662544 0.643100 0.384003 57.236996 0.000000 0.000000 0.000000 1.000000
0.726372 -0.684953 -0.056767 -0.604225 0.169931 0.259006 -0.950810 43.316956 0.665963 0.680995 0.304530 57.552311 0.000000 0.000000 0.000000 1.000000
0.736440 -0.676214 -0.019774 -1.064383 0.134060 0.174526 -0.975484 42.834999 0.663087 0.715734 0.219181 57.982010 0.000000 0.000000 0.000000 1.000000
0.748107 -0.663033 -0.026911 -1.252783 0.077396 0.127461 -0.988819 42.127552 0.659050 0.737659 0.146670 58.422825 0.000000 0.000000 0.000000 1.000000
0.744968 -0.664272 -0.061360 -1.089355 0.024644 0.119321 -0.992550 41.381161 0.666645 0.737906 0.105261 58.815926 0.000000 0.000000 0.000000 1.000000
0.729038 -0.680591 -0.072797 -0.676623 0.010186 0.117130 -0.993064 40.776905 0.684397 0.723240 0.092324 59.167484 0.000000 0.000000 0.000000 1.000000
0.711408 -0.701117 -0.048304 -0.207791 0.034521 0.103512 -0.994029 40.510307 0.701931 0.705493 0.097842 59.463024 0.000000 0.000000 0.000000 1.000000
0.700449 -0.713555 -0.014534 0.142420 0.071454 0.090374 -0.993341 40.659462 0.710117 0.694746 0.114288 59.635460 0.000000 0.000000 0.000000 1.000000
0.696364 -0.717679 -0.003624 0.343841 0.081185 0.083790 -0.993171 40.983143 0.713082 0.691314 0.116613 59.601364 0.000000 0.000000 0.000000 1.000000
0.690123 -0.723439 -0.019145 0.396999 0.063755 0.087128 -0.994155 41.235924 0.720878 0.684869 0.106251 59.444973 0.000000 0.000000 0.000000 1.000000
0.685665 -0.726837 -0.039653 0.361411 0.040883 0.092841 -0.994841 41.265724 0.726768 0.680507 0.093372 59.323849 0.000000 0.000000 0.000000 1.000000
0.691353 -0.721075 -0.045635 0.257853 0.026119 0.088062 -0.995772 41.091599 0.722045 0.687238 0.079716 59.323627 0.000000 0.000000 0.000000 1.000000
0.700389 -0.713073 -0.031350 0.078544 0.026507 0.069877 -0.997203 40.800632 0.713269 0.697599 0.067843 59.307461 0.000000 0.000000 0.000000 1.000000
0.707056 -0.707089 -0.009811 -0.118946 0.042056 0.055895 -0.997551 40.577141 0.705906 0.704912 0.069258 59.197987 0.000000 0.000000 0.000000 1.000000
0.709571 -0.704630 -0.002515 -0.237010 0.054699 0.058640 -0.996780 40.505966 0.702508 0.707148 0.080151 59.048820 0.000000 0.000000 0.000000 1.000000
0.708803 -0.705206 -0.016818 -0.207676 0.051043 0.075053 -0.995872 40.517746 0.703558 0.705019 0.089194 58.987297 0.000000 0.000000 0.000000 1.000000
0.705541 -0.706036 -0.061030 -0.043244 0.041315 0.126952 -0.991048 40.687675 0.707464 0.696704 0.118739 59.048363 0.000000 0.000000 0.000000 1.000000
0.701862 -0.703350 -0.112642 0.218165 0.037957 0.194841 -0.980100 41.036095 0.711301 0.683620 0.163449 59.104340 0.000000 0.000000 0.000000 1.000000
0.706839 -0.690550 -0.153362 0.577576 0.051514 0.266479 -0.962463 41.607841 0.705497 0.672406 0.223931 59.015648 0.000000 0.000000 0.000000 1.000000
0.717955 -0.674544 -0.171847 0.990347 0.075705 0.321077 -0.944022 42.270348 0.691960 0.664756 0.281585 58.713707 0.000000 0.000000 0.000000 1.000000
0.717111 -0.677533 -0.163402 1.263727 0.089458 0.321990 -0.942507 42.852257 0.691194 0.661265 0.291513 58.358967 0.000000 0.000000 0.000000 1.000000
0.711129 -0.689789 -0.135963 1.315249 0.091957 0.282983 -0.954707 43.224403 0.697022 0.666417 0.264669 58.053013 0.000000 0.000000 0.000000 1.000000
0.717830 -0.688211 -0.105291 1.160524 0.080337 0.232101 -0.969368 43.367195 0.691568 0.687383 0.221898 57.962170 0.000000 0.000000 0.000000 1.000000
0.736240 -0.672257 -0.077595 0.963147 0.068669 0.188288 -0.979710 43.132271 0.673227 0.715974 0.184789 57.979782 0.000000 0.000000 0.000000 1.000000
0.747457 -0.661156 -0.064656 0.909851 0.060803 0.165008 -0.984416 42.528942 0.661521 0.731878 0.163536 57.869125 0.000000 0.000000 0.000000 1.000000
0.744198 -0.661233 -0.094556 1.087219 0.040622 0.186100 -0.981691 41.832943 0.666723 0.726731 0.165355 57.519188 0.000000 0.000000 0.000000 1.000000
0.734828 -0.662627 -0.144753 1.363168 0.018251 0.232661 -0.972387 41.318306 0.678008 0.711895 0.183059 57.150299 0.000000 0.000000 0.000000 1.000000
0.733378 -0.658162 -0.170233 1.555049 0.017203 0.268295 -0.963183 41.140598 0.679603 0.703449 0.208084 57.025143 0.000000 0.000000 0.000000 1.000000
0.741075 -0.656158 -0.142354 1.518028 0.031895 0.246182 -0.968699 41.235664 0.670664 0.713338 0.203367 57.221264 0.000000 0.000000 0.000000 1.000000
0.748181 -0.658656 -0.079986 1.271832 0.054600 0.181263 -0.981918 41.498466 0.661245 0.730285 0.171581 57.578320 0.000000 0.000000 0.000000 1.000000
0.749923 -0.661166 -0.021799 0.982975 0.070738 0.112911 -0.991084 41.725372 0.657732 0.741694 0.131444 57.917404 0.000000 0.000000 0.000000 1.000000
0.748087 -0.663596 -0.002521 0.838794 0.063539 0.075410 -0.995126 41.735218 0.660552 0.744281 0.098577 58.158333 0.000000 0.000000 0.000000 1.000000
0.744371 -0.667204 -0.027395 0.908098 0.044074 0.090024 -0.994964 41.535324 0.666310 0.739415 0.096418 58.327480 0.000000 0.000000 0.000000 1.000000
0.737902 -0.672091 -0.061603 1.100186 0.042854 0.137750 -0.989540 41.219402 0.673546 0.727543 0.130448 58.470814 0.000000 0.000000 0.000000 1.000000
0.735817 -0.672891 -0.076108 1.298813 0.069801 0.187154 -0.979847 40.943096 0.673574 0.715676 0.184680 58.613136 0.000000 0.000000 0.000000 1.000000
0.745325 -0.662705 -0.072897 1.475034 0.101746 0.221121 -0.969924 40.888412 0.658892 0.715491 0.232234 58.778202 0.000000 0.000000 0.000000 1.000000
0.760541 -0.646057 -0.064717 1.662102 0.119335 0.237061 -0.964137 41.128532 0.638230 0.725543 0.257392 58.945553 0.000000 0.000000 0.000000 1.000000
0.763437 -0.643927 -0.050224 1.852657 0.121196 0.219200 -0.968123 41.448925 0.634410 0.733014 0.245387 59.060616 0.000000 0.000000 0.000000 1.000000
0.754242 -0.655587 -0.036400 2.012253 0.105694 0.175940 -0.978710 41.579956 0.648034 0.734337 0.201993 59.154495 0.000000 0.000000 0.000000 1.000000
0.745470 -0.665839 -0.030553 2.075469 0.080181 0.135087 -0.987584 41.392281 0.661699 0.733764 0.154091 59.317924 0.000000 0.000000 0.000000 1.000000
0.744177 -0.667095 -0.034425 2.008994 0.062431 0.120770 -0.990715 41.049507 0.665059 0.735118 0.131522 59.524906 0.000000 0.000000 0.000000 1.000000
0.757093 -0.650878 -0.056290 1.980702 0.050309 0.143990 -0.988300 40.944164 0.651368 0.745402 0.141759 59.571720 0.000000 0.000000 0.000000 1.000000
0.786618 -0.610874 -0.089804 2.229809 0.049044 0.206804 -0.977152 41.431896 0.615489 0.764242 0.192636 59.374538 0.000000 0.000000 0.000000 1.000000
0.819500 -0.559758 -0.122846 2.814492 0.057347 0.293384 -0.954273 42.414833 0.570203 0.774982 0.272528 59.085030 0.000000 0.000000 0.000000 1.000000
0.841608 -0.516783 -0.156943 3.660912 0.050722 0.364931 -0.929652 43.375942 0.537701 0.774442 0.333341 58.944389 0.000000 0.000000 0.000000 1.000000
0.844216 -0.499862 -0.193488 4.612150 0.024672 0.396839 -0.917557 43.971436 0.535435 0.769842 0.347350 59.019154 0.000000 0.000000 0.000000 1.000000
0.824336 -0.526296 -0.208525 5.452368 0.000977 0.369675 -0.929161 44.102257 0.566100 0.765737 0.305251 59.119789 0.000000 0.000000 0.000000 1.000000
0.792484 -0.573681 -0.207025 5.958442 -0.017401 0.318039 -0.947918 43.960606 0.609644 0.754812 0.242059 59.058826 0.000000 0.000000 0.000000 1.000000
0.763869 -0.619017 -0.182543 5.870947 -0.014448 0.266376 -0.963761 43.668465 0.645210 0.738824 0.194533 58.899807 0.000000 0.000000 0.000000 1.000000
0.750976 -0.645062 -0.141174 5.286563 0.006129 0.220593 -0.975347 43.208317 0.660302 0.731596 0.169613 58.729286 0.000000 0.000000 0.000000 1.000000
0.746029 -0.659669 -0.090981 4.551662 0.039205 0.179899 -0.982904 42.658020 0.664758 0.729708 0.160072 58.427357 0.000000 0.000000 0.000000 1.000000
0.745718 -0.664307 -0.050996 4.086051 0.068249 0.152303 -0.985975 42.211048 0.662757 0.731779 0.158913 57.840591 0.000000 0.000000 0.000000 1.000000
0.745233 -0.665205 -0.046145 3.966802 0.072621 0.149760 -0.986052 42.055920 0.662837 0.731487 0.159914 56.979172 0.000000 0.000000 0.000000 1.000000
0.745153 -0.663531 -0.066884 4.022679 0.077071 0.185300 -0.979655 42.236393 0.662425 0.724838 0.189216 55.992443 0.000000 0.000000 0.000000 1.000000
0.751053 -0.651715 -0.105770 4.116844 0.088357 0.257969 -0.962104 42.675743 0.654303 0.713246 0.251332 55.013939 0.000000 0.000000 0.000000 1.000000
0.759116 -0.632626 -0.153383 4.200783 0.098310 0.344343 -0.933682 43.224709 0.643489 0.693694 0.323590 53.995960 0.000000 0.000000 0.000000 1.000000
0.766134 -0.610323 -0.201357 4.281135 0.107329 0.430413 -0.896228 43.828350 0.633655 0.665020 0.395260 52.737732 0.000000 0.000000 0.000000 1.000000
0.777409 -0.581495 -0.239790 4.314825 0.107866 0.498829 -0.859962 44.471657 0.619677 0.642677 0.450518 51.038231 0.000000 0.000000 0.000000 1.000000
0.795619 -0.544405 -0.265732 4.319093 0.101958 0.552727 -0.827102 45.073444 0.597156 0.630964 0.495267 48.781120 0.000000 0.000000 0.000000 1.000000
0.819653 -0.510072 -0.260760 4.408707 0.114431 0.591798 -0.797922 45.274483 0.561316 0.624180 0.543437 46.188248 0.000000 0.000000 0.000000 1.000000
0.843825 -0.486334 -0.226801 4.692290 0.149190 0.618601 -0.771411 44.667171 0.515462 0.617099 0.594548 43.761429 0.000000 0.000000 0.000000 1.000000
0.851164 -0.496004 -0.171754 4.970133 0.198080 0.606539 -0.769984 43.047550 0.486090 0.621362 0.614512 41.894302 0.000000 0.000000 0.000000 1.000000
0.849487 -0.508744 -0.139823 5.208588 0.209162 0.568024 -0.795990 40.750626 0.484378 0.646938 0.588939 40.559204 0.000000 0.000000 0.000000 1.000000
0.851974 -0.501051 -0.151945 5.532685 0.182786 0.556573 -0.810442 38.563801 0.490641 0.662702 0.565771 39.415154 0.000000 0.000000 0.000000 1.000000
0.867335 -0.468058 -0.169268 5.918589 0.161313 0.586076 -0.794036 37.026325 0.470859 0.661390 0.583829 38.362152 0.000000 0.000000 0.000000 1.000000
0.868131 -0.460014 -0.186374 6.457178 0.151655 0.603389 -0.782893 35.779678 0.472598 0.651390 0.593585 37.498440 0.000000 0.000000 0.000000 1.000000
0.859080 -0.461946 -0.220426 7.171052 0.145321 0.633061 -0.760339 34.873184 0.490779 0.621159 0.610981 36.877838 0.000000 0.000000 0.000000 1.000000
0.852947 -0.453987 -0.257638 7.962732 0.138189 0.672335 -0.727234 34.420502 0.503374 0.584690 0.636202 36.517063 0.000000 0.000000 0.000000 1.000000
0.852003 -0.446872 -0.272756 8.470905 0.141229 0.697853 -0.702179 34.490772 0.504128 0.559737 0.657684 36.354923 0.000000 0.000000 0.000000 1.000000
0.849936 -0.452638 -0.269682 8.565319 0.154506 0.703455 -0.693742 34.919640 0.503723 0.547969 0.667827 36.300522 0.000000 0.000000 0.000000 1.000000
0.854219 -0.451608 -0.257604 8.453234 0.156380 0.695709 -0.701096 35.401436 0.495838 0.558605 0.664910 36.402348 0.000000 0.000000 0.000000 1.000000
0.861642 -0.442959 -0.247708 8.279752 0.147793 0.685927 -0.712504 35.767666 0.485520 0.577314 0.656490 36.687332 0.000000 0.000000 0.000000 1.000000
0.863219 -0.440446 -0.246700 8.025575 0.141608 0.680317 -0.719108 36.038712 0.484562 0.585813 0.649633 37.105736 0.000000 0.000000 0.000000 1.000000
0.857151 -0.450415 -0.249836 7.565434 0.142156 0.673094 -0.725766 36.314697 0.495059 0.586575 0.640973 37.565186 0.000000 0.000000 0.000000 1.000000
0.849427 -0.463355 -0.252539 6.813933 0.143762 0.663648 -0.734101 36.750488 0.507747 0.587260 0.630333 37.967052 0.000000 0.000000 0.000000 1.000000
0.852406 -0.462477 -0.243965 5.847108 0.147051 0.659778 -0.736932 37.468246 0.501777 0.592290 0.630407 38.296883 0.000000 0.000000 0.000000 1.000000
0.870083 -0.446587 -0.208603 4.812071 0.163206 0.660360 -0.733000 38.431816 0.465101 0.603725 0.647454 38.633064 0.000000 0.000000 0.000000 1.000000
0.891820 -0.423235 -0.159780 3.894763 0.191184 0.672701 -0.714788 39.649101 0.410008 0.606915 0.680844 39.036842 0.000000 0.000000 0.000000 1.000000
0.910017 -0.402314 -0.100058 3.184615 0.222554 0.677712 -0.700840 40.838585 0.349768 0.615508 0.706266 39.458469 0.000000 0.000000 0.000000 1.000000
0.921475 -0.385025 -0.051372 2.786168 0.250133 0.689351 -0.679874 41.967728 0.297182 0.613637 0.731527 39.655045 0.000000 0.000000 0.000000 1.000000
0.929759 -0.367741 -0.017756 2.785006 0.273334 0.721772 -0.635872 43.111477 0.246652 0.586354 0.771590 39.513878 0.000000 0.000000 0.000000 1.000000
0.944093 -0.329590 0.007714 3.082644 0.273208 0.769066 -0.577837 44.315434 0.184516 0.547639 0.816116 39.085972 0.000000 0.000000 0.000000 1.000000
0.958316 -0.284087 0.030424 3.596363 0.259931 0.822683 -0.505598 45.601768 0.118604 0.492430 0.862233 38.258167 0.000000 0.000000 0.000000 1.000000
0.963721 -0.255825 0.076131 4.020312 0.260575 0.839969 -0.475976 46.691044 0.057819 0.478545 0.876157 37.020206 0.000000 0.000000 0.000000 1.000000
0.964418 -0.224994 0.138834 4.434167 0.264311 0.832536 -0.486850 47.839928 -0.006046 0.506222 0.862382 35.477371 0.000000 0.000000 0.000000 1.000000
0.967079 -0.179427 0.180457 4.626129 0.247188 0.830843 -0.498595 49.077633 -0.060470 0.526788 0.847843 33.582165 0.000000 0.000000 0.000000 1.000000
0.973348 -0.128322 0.190072 4.530487 0.206904 0.848847 -0.486467 50.477840 -0.098918 0.512828 0.852773 31.239479 0.000000 0.000000 0.000000 1.000000
0.975094 -0.098374 0.198780 4.245113 0.179582 0.876158 -0.447322 51.983669 -0.130158 0.471878 0.872003 28.417336 0.000000 0.000000 0.000000 1.000000
0.977824 -0.099048 0.184526 3.866975 0.169180 0.892927 -0.417205 53.370430 -0.123445 0.439171 0.889882 25.408968 0.000000 0.000000 0.000000 1.000000
0.983106 -0.115301 0.142155 3.540300 0.164363 0.897868 -0.408434 54.721325 -0.080543 0.424899 0.901651 22.560198 0.000000 0.000000 0.000000 1.000000
0.987021 -0.135842 0.085650 3.232765 0.159222 0.897259 -0.411793 56.213562 -0.020911 0.420086 0.907243 20.057467 0.000000 0.000000 0.000000 1.000000
0.988585 -0.147062 0.032754 2.849766 0.147427 0.899368 -0.411585 58.032459 0.031070 0.411716 0.910782 17.880993 0.000000 0.000000 0.000000 1.000000
0.989993 -0.140500 0.013140 2.216423 0.134360 0.910059 -0.392097 60.082504 0.043132 0.389939 0.919830 15.857277 0.000000 0.000000 0.000000 1.000000
0.992894 -0.113343 0.036271 1.349815 0.118889 0.931248 -0.344445 62.263638 0.005263 0.346310 0.938105 13.711968 0.000000 0.000000 0.000000 1.000000
0.993372 -0.066298 0.093892 0.426196 0.095263 0.931967 -0.349804 64.259521 -0.064313 0.356430 0.932106 11.632316 0.000000 0.000000 0.000000 1.000000
0.986216 -0.007341 0.165300 -0.321986 0.069289 0.925525 -0.372293 66.023422 -0.150257 0.378615 0.913276 9.477063 0.000000 0.000000 0.000000 1.000000
0.973718 0.040446 0.224138 -0.648671 0.043843 0.932414 -0.358723 67.474464 -0.223499 0.359122 0.906134 7.104647 0.000000 0.000000 0.000000 1.000000
0.968619 0.054021 0.242607 -0.376719 0.030620 0.942723 -0.332169 68.194603 -0.246655 0.329174 0.911486 4.751816 0.000000 0.000000 0.000000 1.000000
0.978796 0.034968 0.201829 0.475849 0.025072 0.957459 -0.287479 68.105186 -0.203296 0.286444 0.936280 2.444163 0.000000 0.000000 0.000000 1.000000
0.992511 0.017761 0.120857 1.853879 0.011594 0.971210 -0.237942 67.561462 -0.121604 0.237562 0.963731 0.298157 0.000000 0.000000 0.000000 1.000000
0.998068 0.033634 0.052239 3.532160 -0.022097 0.977988 -0.207488 67.104225 -0.058067 0.205933 0.976842 -1.600915 0.000000 0.000000 0.000000 1.000000
0.995718 0.087669 0.029310 4.868147 -0.079500 0.973946 -0.212390 67.613319 -0.047167 0.209150 0.976745 -3.279479 0.000000 0.000000 0.000000 1.000000
0.988956 0.141246 0.044903 5.758932 -0.126587 0.962544 -0.239761 68.743797 -0.077087 0.231429 0.969793 -5.166726 0.000000 0.000000 0.000000 1.000000
0.987989 0.143283 0.057853 6.241555 -0.127819 0.968199 -0.215065 70.256638 -0.086829 0.205087 0.974885 -7.200958 0.000000 0.000000 0.000000 1.000000
0.985700 0.157187 0.060728 6.784283 -0.141427 0.967628 -0.209031 71.579529 -0.091619 0.197453 0.976022 -8.893026 0.000000 0.000000 0.000000 1.000000
0.983032 0.176973 0.048247 7.254694 -0.162793 0.962920 -0.215134 72.636551 -0.084531 0.203630 0.975392 -10.338838 0.000000 0.000000 0.000000 1.000000
0.986978 0.159384 0.021689 7.363242 -0.152173 0.968887 -0.195198 73.518265 -0.052126 0.189356 0.980524 -11.710482 0.000000 0.000000 0.000000 1.000000
0.992622 0.120966 -0.008288 7.201921 -0.120640 0.978472 -0.167450 74.042137 -0.012146 0.167214 0.985846 -12.832479 0.000000 0.000000 0.000000 1.000000
0.996754 0.074923 -0.029477 6.887000 -0.078165 0.988272 -0.131184 74.170776 0.019303 0.133062 0.990920 -13.670971 0.000000 0.000000 0.000000 1.000000
0.999168 0.023437 -0.033367 6.376135 -0.026261 0.995871 -0.086898 74.077965 0.031192 0.087702 0.995658 -14.232985 0.000000 0.000000 0.000000 1.000000
0.999359 -0.025435 -0.025202 5.706898 0.023851 0.997835 -0.061287 74.233711 0.026706 0.060647 0.997802 -14.452700 0.000000 0.000000 0.000000 1.000000
0.997092 -0.075138 -0.012694 4.857354 0.074465 0.996112 -0.047077 74.973251 0.016182 0.045994 0.998811 -14.368479 0.000000 0.000000 0.000000 1.000000
0.997417 -0.071025 -0.010677 4.035593 0.070742 0.997184 -0.024881 76.286346 0.012414 0.024061 0.999633 -14.042749 0.000000 0.000000 0.000000 1.000000
0.999637 -0.025988 -0.007163 3.251213 0.025856 0.999505 -0.017945 77.913155 0.007625 0.017754 0.999813 -13.367722 0.000000 0.000000 0.000000 1.000000
0.999547 -0.029826 0.003934 2.316577 0.029875 0.999467 -0.013142 79.691666 -0.003540 0.013253 0.999906 -12.502746 0.000000 0.000000 0.000000 1.000000
0.998911 -0.045514 -0.010311 1.537949 0.045171 0.998489 -0.031290 81.611206 0.011720 0.030790 0.999457 -11.416460 0.000000 0.000000 0.000000 1.000000
0.998471 -0.038426 -0.039732 1.117835 0.035462 0.996715 -0.072806 83.591339 0.042399 0.071286 0.996554 -10.105424 0.000000 0.000000 0.000000 1.000000
0.997222 -0.023613 -0.070649 0.957742 0.015122 0.992851 -0.118400 85.474327 0.072939 0.117003 0.990450 -8.627618 0.000000 0.000000 0.000000 1.000000
0.994475 -0.012985 -0.104167 0.945886 -0.003363 0.987870 -0.155247 87.017281 0.104920 0.154740 0.982368 -7.079902 0.000000 0.000000 0.000000 1.000000
0.990330 -0.004654 -0.138651 1.036030 -0.019292 0.985105 -0.170866 88.114571 0.137381 0.171888 0.975490 -5.585100 0.000000 0.000000 0.000000 1.000000
0.984033 0.006143 -0.177883 1.292959 -0.037216 0.984415 -0.171878 88.669632 0.174054 0.175754 0.968925 -4.165325 0.000000 0.000000 0.000000 1.000000
0.976436 0.018509 -0.215014 1.735114 -0.055892 0.984011 -0.169113 88.728516 0.208445 0.177146 0.961857 -2.877993 0.000000 0.000000 0.000000 1.000000
0.969765 0.026246 -0.242627 2.223047 -0.068418 0.983569 -0.167068 88.518044 0.234255 0.178617 0.955626 -1.898161 0.000000 0.000000 0.000000 1.000000
0.964108 0.029975 -0.263813 2.565368 -0.076083 0.983129 -0.166340 88.300621 0.254376 0.180441 0.950123 -1.351491 0.000000 0.000000 0.000000 1.000000
0.958240 0.026189 -0.284762 2.689841 -0.076661 0.982874 -0.167577 88.237274 0.275497 0.182409 0.943837 -1.173474 0.000000 0.000000 0.000000 1.000000
0.955194 0.020253 -0.295287 2.678788 -0.073507 0.982633 -0.170381 88.235359 0.286708 0.184453 0.940093 -1.155977 0.000000 0.000000 0.000000 1.000000
0.953950 0.013330 -0.299668 2.616792 -0.068393 0.982364 -0.174022 88.187347 0.292063 0.186503 0.938038 -1.182701 0.000000 0.000000 0.000000 1.000000
0.953455 0.006534 -0.301465 2.492105 -0.062940 0.982056 -0.177777 88.068016 0.294894 0.188477 0.936757 -1.237862 0.000000 0.000000 0.000000 1.000000
0.953342 0.001678 -0.301887 2.273655 -0.059012 0.981729 -0.180901 87.918465 0.296068 0.190276 0.936023 -1.328022 0.000000 0.000000 0.000000 1.000000
0.953155 -0.001262 -0.302480 1.972941 -0.056879 0.981405 -0.183329 87.817696 0.297087 0.191945 0.935359 -1.446954 0.000000 0.000000 0.000000 1.000000
0.952909 -0.003351 -0.303237 1.638867 -0.055565 0.981081 -0.185451 87.811897 0.298122 0.193568 0.934695 -1.582701 0.000000 0.000000 0.000000 1.000000
0.952517 -0.004838 -0.304448 1.339664 -0.054902 0.980757 -0.187356 87.882050 0.299496 0.195175 0.933921 -1.715344 0.000000 0.000000 0.000000 1.000000
0.951887 -0.006012 -0.306391 1.121323 -0.054685 0.980428 -0.189132 87.972076 0.301531 0.196787 0.932927 -1.817967 0.000000 0.000000 0.000000 1.000000
0.950696 -0.006684 -0.310052 0.981844 -0.055296 0.980093 -0.190682 88.045486 0.305154 0.198425 0.931401 -1.875914 0.000000 0.000000 0.000000 1.000000
0.948143 -0.006943 -0.317769 0.879869 -0.057913 0.979252 -0.194193 88.097931 0.312525 0.202525 0.928069 -1.888346 0.000000 0.000000 0.000000 1.000000
0.946383 -0.007143 -0.322968 0.781505 -0.059468 0.978818 -0.195904 88.144943 0.317526 0.204606 0.925912 -1.885049 0.000000 0.000000 0.000000 1.000000
0.945837 -0.006255 -0.324580 0.687079 -0.060651 0.978806 -0.195604 88.188950 0.318925 0.204695 0.925412 -1.863157 0.000000 0.000000 0.000000 1.000000
0.945806 -0.004698 -0.324698 0.611343 -0.061917 0.978942 -0.194520 88.224419 0.318775 0.204082 0.925599 -1.812307 0.000000 0.000000 0.000000 1.000000
0.946038 -0.003072 -0.324042 0.565956 -0.063013 0.979125 -0.193247 88.268143 0.317872 0.203238 0.926095 -1.736448 0.000000 0.000000 0.000000 1.000000
0.946282 -0.001976 -0.323336 0.545702 -0.063700 0.979245 -0.192408 88.303825 0.317006 0.202669 0.926516 -1.645100 0.000000 0.000000 0.000000 1.000000
0.946002 -0.002141 -0.324154 0.589104 -0.063747 0.979223 -0.192506 88.313126 0.317832 0.202775 0.926210 -1.524495 0.000000 0.000000 0.000000 1.000000</float_array><technique_common><accessor source="#mixamorig_Hips-Matrix-animation-output-transform-array" count="209" stride="16"><param type="float4x4"/></accessor></technique_common></source><source id="mixamorig_Hips-Interpolations"><Name_array id="mixamorig_Hips-Interpolations-array" count="209">
 LINEAR LINEAR LINEAR LINEAR LINEAR LINEAR LINEAR LINEAR LINEAR LINEAR LINEAR
LINEAR LINEAR LINEAR LINEAR LINEAR LINEAR LINEAR LINEAR LINEAR LINEAR LINEAR LINEAR
LINEAR LINEAR LINEAR LINEAR LINEAR LINEAR LINEAR LINEAR LINEAR LINEAR LINEAR LINEAR
LINEAR LINEAR LINEAR LINEAR LINEAR LINEAR LINEAR LINEAR LINEAR LINEAR LINEAR LINEAR
LINEAR LINEAR LINEAR LINEAR LINEAR LINEAR LINEAR LINEAR LINEAR LINEAR LINEAR LINEAR
LINEAR LINEAR LINEAR LINEAR LINEAR LINEAR LINEAR LINEAR LINEAR LINEAR LINEAR LINEAR
LINEAR LINEAR LINEAR LINEAR LINEAR LINEAR LINEAR LINEAR LINEAR LINEAR LINEAR LINEAR
LINEAR LINEAR LINEAR LINEAR LINEAR LINEAR LINEAR LINEAR LINEAR LINEAR LINEAR LINEAR
LINEAR LINEAR LINEAR LINEAR LINEAR LINEAR LINEAR LINEAR LINEAR LINEAR LINEAR LINEAR
LINEAR LINEAR LINEAR LINEAR LINEAR LINEAR LINEAR LINEAR LINEAR LINEAR LINEAR LINEAR
LINEAR LINEAR LINEAR LINEAR LINEAR LINEAR LINEAR LINEAR LINEAR LINEAR LINEAR LINEAR
LINEAR LINEAR LINEAR LINEAR LINEAR LINEAR LINEAR LINEAR LINEAR LINEAR LINEAR LINEAR
LINEAR LINEAR LINEAR LINEAR LINEAR LINEAR LINEAR LINEAR LINEAR LINEAR LINEAR LINEAR
LINEAR LINEAR LINEAR LINEAR LINEAR LINEAR LINEAR LINEAR LINEAR LINEAR LINEAR LINEAR
LINEAR LINEAR LINEAR LINEAR LINEAR LINEAR LINEAR LINEAR LINEAR LINEAR LINEAR LINEAR
LINEAR LINEAR LINEAR LINEAR LINEAR LINEAR LINEAR LINEAR LINEAR LINEAR LINEAR LINEAR
LINEAR LINEAR LINEAR LINEAR LINEAR LINEAR LINEAR LINEAR LINEAR LINEAR LINEAR LINEAR
LINEAR LINEAR LINEAR LINEAR LINEAR LINEAR</Name_array><technique_common><accessor source="#mixamorig_Hips-Interpolations-array" count="209"><param type="name"/></accessor></technique_common></source><sampler id="mixamorig_Hips-Matrix-animation-transform"><input semantic="INPUT" source="#mixamorig_Hips-Matrix-animation-input"/><input semantic="OUTPUT" source="#mixamorig_Hips-Matrix-animation-output-transform"/><input semantic="INTERPOLATION" source="#mixamorig_Hips-Interpolations"/></sampler><channel source="#mixamorig_Hips-Matrix-animation-transform" target="mixamorig_Hips/matrix"/></animation>
    <animation id="mixamorig_Spine-anim" name="mixamorig_Spine"><source id="mixamorig_Spine-Matrix-animation-input"><float_array id="mixamorig_Spine-Matrix-animation-input-array" count="209">

0.000000 0.033333 0.066667 0.100000 0.133333 0.166667 0.200000 0.233333 0.266667 0.300000 0.333333 0.366667 0.400000 0.433333 0.466667 0.500000
0.533333 0.566667 0.600000 0.633333 0.666667 0.700000 0.733333 0.766667 0.800000 0.833333 0.866667 0.900000 0.933333 0.966667 1.000000 1.033333
1.066667 1.100000 1.133333 1.166667 1.200000 1.233333 1.266667 1.300000 1.333333 1.366667 1.400000 1.433333 1.466667 1.500000 1.533333 1.566667
1.600000 1.633333 1.666667 1.700000 1.733333 1.766667 1.800000 1.833333 1.866667 1.900000 1.933333 1.966667 2.000000 2.033333 2.066667 2.100000
2.133333 2.166667 2.200000 2.233333 2.266667 2.300000 2.333333 2.366667 2.400000 2.433333 2.466667 2.500000 2.533333 2.566667 2.600000 2.633333
2.666667 2.700000 2.733333 2.766667 2.800000 2.833333 2.866667 2.900000 2.933333 2.966667 3.000000 3.033333 3.066667 3.100000 3.133333 3.166667
3.200000 3.233333 3.266667 3.300000 3.333333 3.366667 3.400000 3.433333 3.466667 3.500000 3.533333 3.566667 3.600000 3.633333 3.666667 3.700000
3.733333 3.766667 3.800000 3.833333 3.866667 3.900000 3.933333 3.966667 4.000000 4.033333 4.066667 4.100000 4.133333 4.166667 4.200000 4.233333
4.266667 4.300000 4.333333 4.366667 4.400000 4.433333 4.466667 4.500000 4.533333 4.566667 4.600000 4.633333 4.666667 4.700000 4.733333 4.766667
4.800000 4.833333 4.866667 4.900000 4.933333 4.966667 5.000000 5.033333 5.066667 5.100000 5.133333 5.166667 5.200000 5.233333 5.266667 5.300000
5.333333 5.366667 5.400000 5.433333 5.466667 5.500000 5.533333 5.566667 5.600000 5.633333 5.666667 5.700000 5.733333 5.766667 5.800000 5.833333
5.866667 5.900000 5.933333 5.966667 6.000000 6.033333 6.066667 6.100000 6.133333 6.166667 6.200000 6.233333 6.266667 6.300000 6.333333 6.366667
6.400000 6.433333 6.466667 6.500000 6.533333 6.566667 6.600000 6.633333 6.666667 6.700000 6.733333 6.766667 6.800000 6.833333 6.866667 6.900000
6.933333</float_array><technique_common><accessor source="#mixamorig_Spine-Matrix-animation-input-array" count="209"><param name="TIME" type="float"/></accessor></technique_common></source><source id="mixamorig_Spine-Matrix-animation-output-transform"><float_array id="mixamorig_Spine-Matrix-animation-output-transform-array" count="3344">

0.999322 -0.033500 -0.015305 -0.000000 0.035260 0.990247 0.134786 7.463500 0.010640 -0.135234 0.990757 -1.336300 0.000000 0.000000 0.000000 1.000000
0.999561 -0.026837 -0.012571 0.000000 0.028167 0.992195 0.121473 7.463500 0.009213 -0.121773 0.992515 -1.336300 0.000000 0.000000 0.000000 1.000000
0.999841 -0.015624 -0.008572 0.000000 0.016477 0.993727 0.110617 7.463500 0.006790 -0.110740 0.993826 -1.336300 0.000000 0.000000 0.000000 1.000000
0.999987 -0.001865 -0.004722 0.000000 0.002346 0.994573 0.104018 7.463500 0.004502 -0.104027 0.994564 -1.336300 0.000000 0.000000 0.000000 1.000000
0.999949 0.010106 0.000714 0.000000 -0.010125 0.994533 0.103928 7.463500 0.000340 -0.103930 0.994585 -1.336300 0.000000 0.000000 0.000000 1.000000
0.999874 0.015538 0.003153 0.000000 -0.015788 0.993979 0.108430 7.463500 -0.001449 -0.108467 0.994099 -1.336300 0.000000 0.000000 0.000000 1.000000
0.999761 0.021214 0.005206 0.000000 -0.021672 0.993158 0.114747 7.463500 -0.002736 -0.114832 0.993381 -1.336300 0.000000 0.000000 0.000000 1.000000
0.999262 0.037093 0.010017 0.000000 -0.038041 0.991744 0.122461 7.463500 -0.005391 -0.122752 0.992423 -1.336300 0.000000 0.000000 0.000000 1.000000
